(kicad_pcb (version 20171130) (host pcbnew "(5.0.1-3-g963ef8bb5)")

  (general
    (thickness 1.6)
    (drawings 10)
    (tracks 361)
    (zones 0)
    (modules 44)
    (nets 26)
  )

  (page A4)
  (layers
    (0 F.Cu signal hide)
    (31 B.Cu signal hide)
    (32 B.Adhes user)
    (33 F.Adhes user hide)
    (34 B.Paste user)
    (35 F.Paste user)
    (36 B.SilkS user hide)
    (37 F.SilkS user)
    (38 B.Mask user)
    (39 F.Mask user hide)
    (40 Dwgs.User user)
    (41 Cmts.User user)
    (42 Eco1.User user)
    (43 Eco2.User user)
    (44 Edge.Cuts user)
    (45 Margin user)
    (46 B.CrtYd user)
    (47 F.CrtYd user)
    (48 B.Fab user hide)
    (49 F.Fab user)
  )

  (setup
    (last_trace_width 0.6096)
    (user_trace_width 0.254)
    (user_trace_width 0.4064)
    (user_trace_width 0.6096)
    (user_trace_width 0.8128)
    (user_trace_width 1.016)
    (trace_clearance 0.6096)
    (zone_clearance 0.508)
    (zone_45_only no)
    (trace_min 0.2)
    (segment_width 0.2)
    (edge_width 0.05)
    (via_size 1.524)
    (via_drill 0.8)
    (via_min_size 0.4)
    (via_min_drill 0.3)
    (uvia_size 0.3)
    (uvia_drill 0.1)
    (uvias_allowed no)
    (uvia_min_size 0.2)
    (uvia_min_drill 0.1)
    (pcb_text_width 0.3)
    (pcb_text_size 1.5 1.5)
    (mod_edge_width 0.12)
    (mod_text_size 1 1)
    (mod_text_width 0.15)
    (pad_size 3.500001 3.500001)
    (pad_drill 2)
    (pad_to_mask_clearance 0.051)
    (solder_mask_min_width 0.25)
    (aux_axis_origin 0 0)
    (visible_elements FFFFFF7F)
    (pcbplotparams
      (layerselection 0x030fc_ffffffff)
      (usegerberextensions false)
      (usegerberattributes false)
      (usegerberadvancedattributes false)
      (creategerberjobfile false)
      (excludeedgelayer true)
      (linewidth 0.100000)
      (plotframeref false)
      (viasonmask true)
      (mode 1)
      (useauxorigin false)
      (hpglpennumber 1)
      (hpglpenspeed 20)
      (hpglpendiameter 15.000000)
      (psnegative false)
      (psa4output false)
      (plotreference false)
      (plotvalue false)
      (plotinvisibletext false)
      (padsonsilk false)
      (subtractmaskfromsilk false)
      (outputformat 1)
      (mirror false)
      (drillshape 0)
      (scaleselection 1)
      (outputdirectory ""))
  )

  (net 0 "")
  (net 1 +5V)
  (net 2 GND)
  (net 3 -5V)
  (net 4 "Net-(C5-Pad2)")
  (net 5 "Net-(D1-Pad3)")
  (net 6 "Net-(D2-Pad3)")
  (net 7 "Net-(FB1-Pad1)")
  (net 8 "Net-(FB2-Pad1)")
  (net 9 "Net-(J1-Pad5)")
  (net 10 "Net-(J2-Pad1)")
  (net 11 "Net-(J4-Pad1)")
  (net 12 "Net-(J5-Pad1)")
  (net 13 "Net-(Q1-PadB)")
  (net 14 "Net-(Q1-PadE)")
  (net 15 "Net-(Q1-PadC)")
  (net 16 "Net-(R2-Pad1)")
  (net 17 "Net-(R4-Pad1)")
  (net 18 "Net-(R5-Pad1)")
  (net 19 "Net-(R10-Pad2)")
  (net 20 "Net-(R12-Pad2)")
  (net 21 "Net-(R12-Pad1)")
  (net 22 "Net-(R18-Pad1)")
  (net 23 "Net-(R19-Pad2)")
  (net 24 "Net-(C10-Pad2)")
  (net 25 "Net-(R20-Pad2)")

  (net_class Default "This is the default net class."
    (clearance 0.6096)
    (trace_width 0.6096)
    (via_dia 1.524)
    (via_drill 0.8)
    (uvia_dia 0.3)
    (uvia_drill 0.1)
    (add_net "Net-(C10-Pad2)")
    (add_net "Net-(C5-Pad2)")
    (add_net "Net-(D1-Pad3)")
    (add_net "Net-(D2-Pad3)")
    (add_net "Net-(FB1-Pad1)")
    (add_net "Net-(FB2-Pad1)")
    (add_net "Net-(J1-Pad5)")
    (add_net "Net-(J2-Pad1)")
    (add_net "Net-(J4-Pad1)")
    (add_net "Net-(J5-Pad1)")
    (add_net "Net-(Q1-PadB)")
    (add_net "Net-(Q1-PadC)")
    (add_net "Net-(Q1-PadE)")
    (add_net "Net-(R10-Pad2)")
    (add_net "Net-(R12-Pad1)")
    (add_net "Net-(R12-Pad2)")
    (add_net "Net-(R18-Pad1)")
    (add_net "Net-(R19-Pad2)")
    (add_net "Net-(R2-Pad1)")
    (add_net "Net-(R20-Pad2)")
    (add_net "Net-(R4-Pad1)")
    (add_net "Net-(R5-Pad1)")
  )

  (net_class Power ""
    (clearance 0.6096)
    (trace_width 0.8128)
    (via_dia 1.524)
    (via_drill 0.8)
    (uvia_dia 0.3)
    (uvia_drill 0.1)
    (add_net +5V)
    (add_net -5V)
    (add_net GND)
  )

  (module synkie_footprints:R_0805_2012Metric_Pad1.15x1.40mm_HandSolder (layer F.Cu) (tedit 5B36C52B) (tstamp 5DCF27FF)
    (at 145.9865 57.5945 90)
    (descr "Resistor SMD 0805 (2012 Metric), square (rectangular) end terminal, IPC_7351 nominal with elongated pad for handsoldering. (Body size source: https://docs.google.com/spreadsheets/d/1BsfQQcO9C6DZCsRaXUlFlo91Tg2WpOkGARC1WS5S8t0/edit?usp=sharing), generated with kicad-footprint-generator")
    (tags "resistor handsolder")
    (path /5DD15203)
    (attr smd)
    (fp_text reference R20 (at 0 -1.65 90) (layer F.SilkS)
      (effects (font (size 1 1) (thickness 0.15)))
    )
    (fp_text value 3k (at 0 1.65 90) (layer F.Fab)
      (effects (font (size 1 1) (thickness 0.15)))
    )
    (fp_text user %R (at 0 0 90) (layer F.Fab)
      (effects (font (size 0.5 0.5) (thickness 0.08)))
    )
    (fp_line (start 1.85 0.95) (end -1.85 0.95) (layer F.CrtYd) (width 0.05))
    (fp_line (start 1.85 -0.95) (end 1.85 0.95) (layer F.CrtYd) (width 0.05))
    (fp_line (start -1.85 -0.95) (end 1.85 -0.95) (layer F.CrtYd) (width 0.05))
    (fp_line (start -1.85 0.95) (end -1.85 -0.95) (layer F.CrtYd) (width 0.05))
    (fp_line (start -0.261252 0.71) (end 0.261252 0.71) (layer F.SilkS) (width 0.12))
    (fp_line (start -0.261252 -0.71) (end 0.261252 -0.71) (layer F.SilkS) (width 0.12))
    (fp_line (start 1 0.6) (end -1 0.6) (layer F.Fab) (width 0.1))
    (fp_line (start 1 -0.6) (end 1 0.6) (layer F.Fab) (width 0.1))
    (fp_line (start -1 -0.6) (end 1 -0.6) (layer F.Fab) (width 0.1))
    (fp_line (start -1 0.6) (end -1 -0.6) (layer F.Fab) (width 0.1))
    (pad 2 smd roundrect (at 1.025 0 90) (size 1.15 1.4) (layers F.Cu F.Paste F.Mask) (roundrect_rratio 0.217391)
      (net 25 "Net-(R20-Pad2)"))
    (pad 1 smd roundrect (at -1.025 0 90) (size 1.15 1.4) (layers F.Cu F.Paste F.Mask) (roundrect_rratio 0.217391)
      (net 4 "Net-(C5-Pad2)"))
    (model ${KISYS3DMOD}/Resistor_SMD.3dshapes/R_0805_2012Metric.wrl
      (at (xyz 0 0 0))
      (scale (xyz 1 1 1))
      (rotate (xyz 0 0 0))
    )
  )

  (module synkie_footprints:C_0603_1608Metric_Pad1.05x0.95mm_HandSolder (layer F.Cu) (tedit 5B301BBE) (tstamp 5DCF2DDB)
    (at 106.3625 54.229 270)
    (descr "Capacitor SMD 0603 (1608 Metric), square (rectangular) end terminal, IPC_7351 nominal with elongated pad for handsoldering. (Body size source: http://www.tortai-tech.com/upload/download/2011102023233369053.pdf), generated with kicad-footprint-generator")
    (tags "capacitor handsolder")
    (path /5DDC04F7)
    (attr smd)
    (fp_text reference C10 (at -0.0254 1.5367 90) (layer F.SilkS)
      (effects (font (size 1 1) (thickness 0.15)))
    )
    (fp_text value 1u (at 0 1.43 90) (layer F.Fab)
      (effects (font (size 1 1) (thickness 0.15)))
    )
    (fp_text user %R (at 0 0 90) (layer F.Fab)
      (effects (font (size 0.4 0.4) (thickness 0.06)))
    )
    (fp_line (start 1.65 0.73) (end -1.65 0.73) (layer F.CrtYd) (width 0.05))
    (fp_line (start 1.65 -0.73) (end 1.65 0.73) (layer F.CrtYd) (width 0.05))
    (fp_line (start -1.65 -0.73) (end 1.65 -0.73) (layer F.CrtYd) (width 0.05))
    (fp_line (start -1.65 0.73) (end -1.65 -0.73) (layer F.CrtYd) (width 0.05))
    (fp_line (start -0.171267 0.51) (end 0.171267 0.51) (layer F.SilkS) (width 0.12))
    (fp_line (start -0.171267 -0.51) (end 0.171267 -0.51) (layer F.SilkS) (width 0.12))
    (fp_line (start 0.8 0.4) (end -0.8 0.4) (layer F.Fab) (width 0.1))
    (fp_line (start 0.8 -0.4) (end 0.8 0.4) (layer F.Fab) (width 0.1))
    (fp_line (start -0.8 -0.4) (end 0.8 -0.4) (layer F.Fab) (width 0.1))
    (fp_line (start -0.8 0.4) (end -0.8 -0.4) (layer F.Fab) (width 0.1))
    (pad 2 smd roundrect (at 0.875 0 270) (size 1.05 0.95) (layers F.Cu F.Paste F.Mask) (roundrect_rratio 0.25)
      (net 24 "Net-(C10-Pad2)"))
    (pad 1 smd roundrect (at -0.875 0 270) (size 1.05 0.95) (layers F.Cu F.Paste F.Mask) (roundrect_rratio 0.25)
      (net 2 GND))
    (model ${KISYS3DMOD}/Capacitor_SMD.3dshapes/C_0603_1608Metric.wrl
      (at (xyz 0 0 0))
      (scale (xyz 1 1 1))
      (rotate (xyz 0 0 0))
    )
  )

  (module synkie_footprints:C_0603_1608Metric_Pad1.05x0.95mm_HandSolder (layer F.Cu) (tedit 5B301BBE) (tstamp 5DCF24C6)
    (at 148.6535 62.2935 180)
    (descr "Capacitor SMD 0603 (1608 Metric), square (rectangular) end terminal, IPC_7351 nominal with elongated pad for handsoldering. (Body size source: http://www.tortai-tech.com/upload/download/2011102023233369053.pdf), generated with kicad-footprint-generator")
    (tags "capacitor handsolder")
    (path /5DDA6AA4)
    (attr smd)
    (fp_text reference C5 (at -2.8575 0.0889) (layer F.SilkS)
      (effects (font (size 1 1) (thickness 0.15)))
    )
    (fp_text value 1u (at 0 1.43) (layer F.Fab)
      (effects (font (size 1 1) (thickness 0.15)))
    )
    (fp_text user %R (at 0 0) (layer F.Fab)
      (effects (font (size 0.4 0.4) (thickness 0.06)))
    )
    (fp_line (start 1.65 0.73) (end -1.65 0.73) (layer F.CrtYd) (width 0.05))
    (fp_line (start 1.65 -0.73) (end 1.65 0.73) (layer F.CrtYd) (width 0.05))
    (fp_line (start -1.65 -0.73) (end 1.65 -0.73) (layer F.CrtYd) (width 0.05))
    (fp_line (start -1.65 0.73) (end -1.65 -0.73) (layer F.CrtYd) (width 0.05))
    (fp_line (start -0.171267 0.51) (end 0.171267 0.51) (layer F.SilkS) (width 0.12))
    (fp_line (start -0.171267 -0.51) (end 0.171267 -0.51) (layer F.SilkS) (width 0.12))
    (fp_line (start 0.8 0.4) (end -0.8 0.4) (layer F.Fab) (width 0.1))
    (fp_line (start 0.8 -0.4) (end 0.8 0.4) (layer F.Fab) (width 0.1))
    (fp_line (start -0.8 -0.4) (end 0.8 -0.4) (layer F.Fab) (width 0.1))
    (fp_line (start -0.8 0.4) (end -0.8 -0.4) (layer F.Fab) (width 0.1))
    (pad 2 smd roundrect (at 0.875 0 180) (size 1.05 0.95) (layers F.Cu F.Paste F.Mask) (roundrect_rratio 0.25)
      (net 4 "Net-(C5-Pad2)"))
    (pad 1 smd roundrect (at -0.875 0 180) (size 1.05 0.95) (layers F.Cu F.Paste F.Mask) (roundrect_rratio 0.25)
      (net 2 GND))
    (model ${KISYS3DMOD}/Capacitor_SMD.3dshapes/C_0603_1608Metric.wrl
      (at (xyz 0 0 0))
      (scale (xyz 1 1 1))
      (rotate (xyz 0 0 0))
    )
  )

  (module synkie_footprints:L_0805_2012Metric_Pad1.15x1.40mm_HandSolder (layer F.Cu) (tedit 5B36C52B) (tstamp 5DCE39DD)
    (at 120.396 68.58)
    (descr "Capacitor SMD 0805 (2012 Metric), square (rectangular) end terminal, IPC_7351 nominal with elongated pad for handsoldering. (Body size source: https://docs.google.com/spreadsheets/d/1BsfQQcO9C6DZCsRaXUlFlo91Tg2WpOkGARC1WS5S8t0/edit?usp=sharing), generated with kicad-footprint-generator")
    (tags "inductor handsolder")
    (path /5DCE4D3A)
    (attr smd)
    (fp_text reference FB2 (at 0 -1.65) (layer F.SilkS)
      (effects (font (size 1 1) (thickness 0.15)))
    )
    (fp_text value 330u (at 0 1.65) (layer F.Fab)
      (effects (font (size 1 1) (thickness 0.15)))
    )
    (fp_line (start -1 0.6) (end -1 -0.6) (layer F.Fab) (width 0.1))
    (fp_line (start -1 -0.6) (end 1 -0.6) (layer F.Fab) (width 0.1))
    (fp_line (start 1 -0.6) (end 1 0.6) (layer F.Fab) (width 0.1))
    (fp_line (start 1 0.6) (end -1 0.6) (layer F.Fab) (width 0.1))
    (fp_line (start -0.261252 -0.71) (end 0.261252 -0.71) (layer F.SilkS) (width 0.12))
    (fp_line (start -0.261252 0.71) (end 0.261252 0.71) (layer F.SilkS) (width 0.12))
    (fp_line (start -1.85 0.95) (end -1.85 -0.95) (layer F.CrtYd) (width 0.05))
    (fp_line (start -1.85 -0.95) (end 1.85 -0.95) (layer F.CrtYd) (width 0.05))
    (fp_line (start 1.85 -0.95) (end 1.85 0.95) (layer F.CrtYd) (width 0.05))
    (fp_line (start 1.85 0.95) (end -1.85 0.95) (layer F.CrtYd) (width 0.05))
    (fp_text user %R (at 0 0) (layer F.Fab)
      (effects (font (size 0.5 0.5) (thickness 0.08)))
    )
    (pad 1 smd roundrect (at -1.025 0) (size 1.15 1.4) (layers F.Cu F.Paste F.Mask) (roundrect_rratio 0.217391)
      (net 8 "Net-(FB2-Pad1)"))
    (pad 2 smd roundrect (at 1.025 0) (size 1.15 1.4) (layers F.Cu F.Paste F.Mask) (roundrect_rratio 0.217391)
      (net 3 -5V))
    (model ${KISYS3DMOD}/Inductor_SMD.3dshapes/L_0805_2012Metric.wrl
      (at (xyz 0 0 0))
      (scale (xyz 1 1 1))
      (rotate (xyz 0 0 0))
    )
  )

  (module synkie_footprints:L_0805_2012Metric_Pad1.15x1.40mm_HandSolder (layer F.Cu) (tedit 5B36C52B) (tstamp 5DCE39AD)
    (at 120.396 62.992)
    (descr "Capacitor SMD 0805 (2012 Metric), square (rectangular) end terminal, IPC_7351 nominal with elongated pad for handsoldering. (Body size source: https://docs.google.com/spreadsheets/d/1BsfQQcO9C6DZCsRaXUlFlo91Tg2WpOkGARC1WS5S8t0/edit?usp=sharing), generated with kicad-footprint-generator")
    (tags "inductor handsolder")
    (path /5DCE4D39)
    (attr smd)
    (fp_text reference FB1 (at -0.1016 1.8542) (layer F.SilkS)
      (effects (font (size 1 1) (thickness 0.15)))
    )
    (fp_text value 330u (at 0 1.65) (layer F.Fab)
      (effects (font (size 1 1) (thickness 0.15)))
    )
    (fp_line (start -1 0.6) (end -1 -0.6) (layer F.Fab) (width 0.1))
    (fp_line (start -1 -0.6) (end 1 -0.6) (layer F.Fab) (width 0.1))
    (fp_line (start 1 -0.6) (end 1 0.6) (layer F.Fab) (width 0.1))
    (fp_line (start 1 0.6) (end -1 0.6) (layer F.Fab) (width 0.1))
    (fp_line (start -0.261252 -0.71) (end 0.261252 -0.71) (layer F.SilkS) (width 0.12))
    (fp_line (start -0.261252 0.71) (end 0.261252 0.71) (layer F.SilkS) (width 0.12))
    (fp_line (start -1.85 0.95) (end -1.85 -0.95) (layer F.CrtYd) (width 0.05))
    (fp_line (start -1.85 -0.95) (end 1.85 -0.95) (layer F.CrtYd) (width 0.05))
    (fp_line (start 1.85 -0.95) (end 1.85 0.95) (layer F.CrtYd) (width 0.05))
    (fp_line (start 1.85 0.95) (end -1.85 0.95) (layer F.CrtYd) (width 0.05))
    (fp_text user %R (at 0 0) (layer F.Fab)
      (effects (font (size 0.5 0.5) (thickness 0.08)))
    )
    (pad 1 smd roundrect (at -1.025 0) (size 1.15 1.4) (layers F.Cu F.Paste F.Mask) (roundrect_rratio 0.217391)
      (net 7 "Net-(FB1-Pad1)"))
    (pad 2 smd roundrect (at 1.025 0) (size 1.15 1.4) (layers F.Cu F.Paste F.Mask) (roundrect_rratio 0.217391)
      (net 1 +5V))
    (model ${KISYS3DMOD}/Inductor_SMD.3dshapes/L_0805_2012Metric.wrl
      (at (xyz 0 0 0))
      (scale (xyz 1 1 1))
      (rotate (xyz 0 0 0))
    )
  )

  (module synkie_footprints:Potentiometer_Alps_RS6011xP_Slide (layer B.Cu) (tedit 5DCFC28B) (tstamp 5DCE13A1)
    (at 114.554 56.388)
    (path /5DCFA951)
    (fp_text reference RV1 (at 6.1468 -3.429) (layer B.SilkS) hide
      (effects (font (size 1 1) (thickness 0.15)) (justify mirror))
    )
    (fp_text value 10k (at 0 5.5) (layer B.Fab)
      (effects (font (size 1 1) (thickness 0.15)) (justify mirror))
    )
    (fp_line (start 33.8 1) (end -33.8 1) (layer B.SilkS) (width 0.12))
    (fp_line (start 34 0.8) (end 33.8 1) (layer B.SilkS) (width 0.12))
    (fp_line (start 34 -0.8) (end 34 0.8) (layer B.SilkS) (width 0.12))
    (fp_line (start 33.8 -1) (end 34 -0.8) (layer B.SilkS) (width 0.12))
    (fp_line (start -33.8 -1) (end 33.8 -1) (layer B.SilkS) (width 0.12))
    (fp_line (start -34 -0.8) (end -33.8 -1) (layer B.SilkS) (width 0.12))
    (fp_line (start -34 0.8) (end -34 -0.8) (layer B.SilkS) (width 0.12))
    (fp_line (start -33.8 1) (end -34 0.8) (layer B.SilkS) (width 0.12))
    (fp_circle (center 35.5 0) (end 35.5 -1) (layer B.SilkS) (width 0.12))
    (fp_circle (center -35.5 0) (end -35.5 1) (layer B.SilkS) (width 0.12))
    (fp_line (start 37.5 4.5) (end -37.5 4.5) (layer B.SilkS) (width 0.12))
    (fp_line (start 37.5 -4.5) (end 37.5 4.5) (layer B.SilkS) (width 0.12))
    (fp_line (start -37.5 -4.5) (end 37.5 -4.5) (layer B.SilkS) (width 0.12))
    (fp_line (start -37.5 4.5) (end -37.5 -4.5) (layer B.SilkS) (width 0.12))
    (pad 5 thru_hole circle (at 22.5 0) (size 3.500001 3.500001) (drill 2) (layers *.Cu *.Mask)
      (net 2 GND))
    (pad 4 thru_hole circle (at -25 0) (size 3.500001 3.500001) (drill 2) (layers *.Cu *.Mask)
      (net 2 GND))
    (pad 3B thru_hole oval (at 35 -3.75) (size 2 1.7) (drill 1) (layers *.Cu *.Mask))
    (pad 3 thru_hole oval (at 35 1.25) (size 2 1.7) (drill 1) (layers *.Cu *.Mask)
      (net 2 GND))
    (pad 1B thru_hole oval (at -35 -3.75) (size 2 1.7) (drill 1) (layers *.Cu *.Mask))
    (pad 2B thru_hole oval (at -35 -1.25) (size 2 1.7) (drill 1) (layers *.Cu *.Mask))
    (pad 1 thru_hole oval (at -35 1.25) (size 2 1.7) (drill 1) (layers *.Cu *.Mask)
      (net 1 +5V))
    (pad 2 thru_hole oval (at -35 3.75) (size 2 1.7) (drill 1) (layers *.Cu *.Mask)
      (net 20 "Net-(R12-Pad2)"))
  )

  (module synkie_footprints:SOIC-8_3.9x4.9mm_P1.27mm (layer F.Cu) (tedit 5A02F2D3) (tstamp 5DCE4D73)
    (at 111.252 57.658 180)
    (descr "8-Lead Plastic Small Outline (SN) - Narrow, 3.90 mm Body [SOIC] (see Microchip Packaging Specification 00000049BS.pdf)")
    (tags "SOIC 1.27")
    (path /5DCB71E3)
    (attr smd)
    (fp_text reference U2 (at 1.3462 -3.4544) (layer F.SilkS)
      (effects (font (size 1 1) (thickness 0.15)))
    )
    (fp_text value LMH6643 (at 0 3.5) (layer F.Fab)
      (effects (font (size 1 1) (thickness 0.15)))
    )
    (fp_line (start -2.075 -2.525) (end -3.475 -2.525) (layer F.SilkS) (width 0.15))
    (fp_line (start -2.075 2.575) (end 2.075 2.575) (layer F.SilkS) (width 0.15))
    (fp_line (start -2.075 -2.575) (end 2.075 -2.575) (layer F.SilkS) (width 0.15))
    (fp_line (start -2.075 2.575) (end -2.075 2.43) (layer F.SilkS) (width 0.15))
    (fp_line (start 2.075 2.575) (end 2.075 2.43) (layer F.SilkS) (width 0.15))
    (fp_line (start 2.075 -2.575) (end 2.075 -2.43) (layer F.SilkS) (width 0.15))
    (fp_line (start -2.075 -2.575) (end -2.075 -2.525) (layer F.SilkS) (width 0.15))
    (fp_line (start -3.73 2.7) (end 3.73 2.7) (layer F.CrtYd) (width 0.05))
    (fp_line (start -3.73 -2.7) (end 3.73 -2.7) (layer F.CrtYd) (width 0.05))
    (fp_line (start 3.73 -2.7) (end 3.73 2.7) (layer F.CrtYd) (width 0.05))
    (fp_line (start -3.73 -2.7) (end -3.73 2.7) (layer F.CrtYd) (width 0.05))
    (fp_line (start -1.95 -1.45) (end -0.95 -2.45) (layer F.Fab) (width 0.1))
    (fp_line (start -1.95 2.45) (end -1.95 -1.45) (layer F.Fab) (width 0.1))
    (fp_line (start 1.95 2.45) (end -1.95 2.45) (layer F.Fab) (width 0.1))
    (fp_line (start 1.95 -2.45) (end 1.95 2.45) (layer F.Fab) (width 0.1))
    (fp_line (start -0.95 -2.45) (end 1.95 -2.45) (layer F.Fab) (width 0.1))
    (fp_text user %R (at 0 0) (layer F.Fab)
      (effects (font (size 1 1) (thickness 0.15)))
    )
    (pad 8 smd rect (at 2.7 -1.905 180) (size 1.55 0.6) (layers F.Cu F.Paste F.Mask)
      (net 1 +5V))
    (pad 7 smd rect (at 2.7 -0.635 180) (size 1.55 0.6) (layers F.Cu F.Paste F.Mask)
      (net 25 "Net-(R20-Pad2)"))
    (pad 6 smd rect (at 2.7 0.635 180) (size 1.55 0.6) (layers F.Cu F.Paste F.Mask)
      (net 25 "Net-(R20-Pad2)"))
    (pad 5 smd rect (at 2.7 1.905 180) (size 1.55 0.6) (layers F.Cu F.Paste F.Mask)
      (net 24 "Net-(C10-Pad2)"))
    (pad 4 smd rect (at -2.7 1.905 180) (size 1.55 0.6) (layers F.Cu F.Paste F.Mask)
      (net 3 -5V))
    (pad 3 smd rect (at -2.7 0.635 180) (size 1.55 0.6) (layers F.Cu F.Paste F.Mask)
      (net 2 GND))
    (pad 2 smd rect (at -2.7 -0.635 180) (size 1.55 0.6) (layers F.Cu F.Paste F.Mask)
      (net 21 "Net-(R12-Pad1)"))
    (pad 1 smd rect (at -2.7 -1.905 180) (size 1.55 0.6) (layers F.Cu F.Paste F.Mask)
      (net 13 "Net-(Q1-PadB)"))
    (model ${KISYS3DMOD}/Package_SO.3dshapes/SOIC-8_3.9x4.9mm_P1.27mm.wrl
      (at (xyz 0 0 0))
      (scale (xyz 1 1 1))
      (rotate (xyz 0 0 0))
    )
  )

  (module synkie_footprints:SOIC-8_3.9x4.9mm_P1.27mm (layer F.Cu) (tedit 5A02F2D3) (tstamp 5DCE61E4)
    (at 141.732 62.738 270)
    (descr "8-Lead Plastic Small Outline (SN) - Narrow, 3.90 mm Body [SOIC] (see Microchip Packaging Specification 00000049BS.pdf)")
    (tags "SOIC 1.27")
    (path /5DCFCF56)
    (attr smd)
    (fp_text reference U1 (at 0 -3.5 90) (layer F.SilkS)
      (effects (font (size 1 1) (thickness 0.15)))
    )
    (fp_text value LT1228 (at 0 3.5 90) (layer F.Fab)
      (effects (font (size 1 1) (thickness 0.15)))
    )
    (fp_line (start -2.075 -2.525) (end -3.475 -2.525) (layer F.SilkS) (width 0.15))
    (fp_line (start -2.075 2.575) (end 2.075 2.575) (layer F.SilkS) (width 0.15))
    (fp_line (start -2.075 -2.575) (end 2.075 -2.575) (layer F.SilkS) (width 0.15))
    (fp_line (start -2.075 2.575) (end -2.075 2.43) (layer F.SilkS) (width 0.15))
    (fp_line (start 2.075 2.575) (end 2.075 2.43) (layer F.SilkS) (width 0.15))
    (fp_line (start 2.075 -2.575) (end 2.075 -2.43) (layer F.SilkS) (width 0.15))
    (fp_line (start -2.075 -2.575) (end -2.075 -2.525) (layer F.SilkS) (width 0.15))
    (fp_line (start -3.73 2.7) (end 3.73 2.7) (layer F.CrtYd) (width 0.05))
    (fp_line (start -3.73 -2.7) (end 3.73 -2.7) (layer F.CrtYd) (width 0.05))
    (fp_line (start 3.73 -2.7) (end 3.73 2.7) (layer F.CrtYd) (width 0.05))
    (fp_line (start -3.73 -2.7) (end -3.73 2.7) (layer F.CrtYd) (width 0.05))
    (fp_line (start -1.95 -1.45) (end -0.95 -2.45) (layer F.Fab) (width 0.1))
    (fp_line (start -1.95 2.45) (end -1.95 -1.45) (layer F.Fab) (width 0.1))
    (fp_line (start 1.95 2.45) (end -1.95 2.45) (layer F.Fab) (width 0.1))
    (fp_line (start 1.95 -2.45) (end 1.95 2.45) (layer F.Fab) (width 0.1))
    (fp_line (start -0.95 -2.45) (end 1.95 -2.45) (layer F.Fab) (width 0.1))
    (fp_text user %R (at 0 0 90) (layer F.Fab)
      (effects (font (size 1 1) (thickness 0.15)))
    )
    (pad 8 smd rect (at 2.7 -1.905 270) (size 1.55 0.6) (layers F.Cu F.Paste F.Mask)
      (net 17 "Net-(R4-Pad1)"))
    (pad 7 smd rect (at 2.7 -0.635 270) (size 1.55 0.6) (layers F.Cu F.Paste F.Mask)
      (net 1 +5V))
    (pad 6 smd rect (at 2.7 0.635 270) (size 1.55 0.6) (layers F.Cu F.Paste F.Mask)
      (net 18 "Net-(R5-Pad1)"))
    (pad 5 smd rect (at 2.7 1.905 270) (size 1.55 0.6) (layers F.Cu F.Paste F.Mask)
      (net 19 "Net-(R10-Pad2)"))
    (pad 4 smd rect (at -2.7 1.905 270) (size 1.55 0.6) (layers F.Cu F.Paste F.Mask)
      (net 3 -5V))
    (pad 3 smd rect (at -2.7 0.635 270) (size 1.55 0.6) (layers F.Cu F.Paste F.Mask)
      (net 16 "Net-(R2-Pad1)"))
    (pad 2 smd rect (at -2.7 -0.635 270) (size 1.55 0.6) (layers F.Cu F.Paste F.Mask)
      (net 4 "Net-(C5-Pad2)"))
    (pad 1 smd rect (at -2.7 -1.905 270) (size 1.55 0.6) (layers F.Cu F.Paste F.Mask)
      (net 9 "Net-(J1-Pad5)"))
    (model ${KISYS3DMOD}/Package_SO.3dshapes/SOIC-8_3.9x4.9mm_P1.27mm.wrl
      (at (xyz 0 0 0))
      (scale (xyz 1 1 1))
      (rotate (xyz 0 0 0))
    )
  )

  (module synkie_footprints:Potentiometer_Bourns_3296Y_Vertical (layer F.Cu) (tedit 5A3D4994) (tstamp 5DCE3971)
    (at 80.01 65.278 180)
    (descr "Potentiometer, vertical, Bourns 3296Y, https://www.bourns.com/pdfs/3296.pdf")
    (tags "Potentiometer vertical Bourns 3296Y")
    (path /5DD8D848)
    (fp_text reference RV2 (at -5.6642 2.4638) (layer F.SilkS)
      (effects (font (size 1 1) (thickness 0.15)))
    )
    (fp_text value 500 (at -2.54 4.94) (layer F.Fab)
      (effects (font (size 1 1) (thickness 0.15)))
    )
    (fp_circle (center 0.955 2.42) (end 2.05 2.42) (layer F.Fab) (width 0.1))
    (fp_line (start -7.305 -1.14) (end -7.305 3.69) (layer F.Fab) (width 0.1))
    (fp_line (start -7.305 3.69) (end 2.225 3.69) (layer F.Fab) (width 0.1))
    (fp_line (start 2.225 3.69) (end 2.225 -1.14) (layer F.Fab) (width 0.1))
    (fp_line (start 2.225 -1.14) (end -7.305 -1.14) (layer F.Fab) (width 0.1))
    (fp_line (start 0.955 3.505) (end 0.956 1.336) (layer F.Fab) (width 0.1))
    (fp_line (start 0.955 3.505) (end 0.956 1.336) (layer F.Fab) (width 0.1))
    (fp_line (start -7.425 -1.26) (end 2.345 -1.26) (layer F.SilkS) (width 0.12))
    (fp_line (start -7.425 3.81) (end 2.345 3.81) (layer F.SilkS) (width 0.12))
    (fp_line (start -7.425 -1.26) (end -7.425 3.81) (layer F.SilkS) (width 0.12))
    (fp_line (start 2.345 -1.26) (end 2.345 3.81) (layer F.SilkS) (width 0.12))
    (fp_line (start -7.6 -1.4) (end -7.6 3.95) (layer F.CrtYd) (width 0.05))
    (fp_line (start -7.6 3.95) (end 2.5 3.95) (layer F.CrtYd) (width 0.05))
    (fp_line (start 2.5 3.95) (end 2.5 -1.4) (layer F.CrtYd) (width 0.05))
    (fp_line (start 2.5 -1.4) (end -7.6 -1.4) (layer F.CrtYd) (width 0.05))
    (fp_text user %R (at -3.175 1.275) (layer F.Fab)
      (effects (font (size 1 1) (thickness 0.15)))
    )
    (pad 1 thru_hole circle (at 0 0 180) (size 1.44 1.44) (drill 0.8) (layers *.Cu *.Mask)
      (net 22 "Net-(R18-Pad1)"))
    (pad 2 thru_hole circle (at -2.54 2.54 180) (size 1.44 1.44) (drill 0.8) (layers *.Cu *.Mask)
      (net 24 "Net-(C10-Pad2)"))
    (pad 3 thru_hole circle (at -5.08 0 180) (size 1.44 1.44) (drill 0.8) (layers *.Cu *.Mask)
      (net 23 "Net-(R19-Pad2)"))
    (model ${KISYS3DMOD}/Potentiometer_THT.3dshapes/Potentiometer_Bourns_3296Y_Vertical.wrl
      (at (xyz 0 0 0))
      (scale (xyz 1 1 1))
      (rotate (xyz 0 0 0))
    )
  )

  (module synkie_footprints:R_0805_2012Metric_Pad1.15x1.40mm_HandSolder (layer B.Cu) (tedit 5B36C52B) (tstamp 5DCE1387)
    (at 85.598 67.818 180)
    (descr "Resistor SMD 0805 (2012 Metric), square (rectangular) end terminal, IPC_7351 nominal with elongated pad for handsoldering. (Body size source: https://docs.google.com/spreadsheets/d/1BsfQQcO9C6DZCsRaXUlFlo91Tg2WpOkGARC1WS5S8t0/edit?usp=sharing), generated with kicad-footprint-generator")
    (tags "resistor handsolder")
    (path /5DE3583B)
    (attr smd)
    (fp_text reference R19 (at -0.1016 -1.7526) (layer B.SilkS)
      (effects (font (size 1 1) (thickness 0.15)) (justify mirror))
    )
    (fp_text value 3k (at 0 -1.65) (layer B.Fab)
      (effects (font (size 1 1) (thickness 0.15)) (justify mirror))
    )
    (fp_text user %R (at 0 0) (layer B.Fab)
      (effects (font (size 0.5 0.5) (thickness 0.08)) (justify mirror))
    )
    (fp_line (start 1.85 -0.95) (end -1.85 -0.95) (layer B.CrtYd) (width 0.05))
    (fp_line (start 1.85 0.95) (end 1.85 -0.95) (layer B.CrtYd) (width 0.05))
    (fp_line (start -1.85 0.95) (end 1.85 0.95) (layer B.CrtYd) (width 0.05))
    (fp_line (start -1.85 -0.95) (end -1.85 0.95) (layer B.CrtYd) (width 0.05))
    (fp_line (start -0.261252 -0.71) (end 0.261252 -0.71) (layer B.SilkS) (width 0.12))
    (fp_line (start -0.261252 0.71) (end 0.261252 0.71) (layer B.SilkS) (width 0.12))
    (fp_line (start 1 -0.6) (end -1 -0.6) (layer B.Fab) (width 0.1))
    (fp_line (start 1 0.6) (end 1 -0.6) (layer B.Fab) (width 0.1))
    (fp_line (start -1 0.6) (end 1 0.6) (layer B.Fab) (width 0.1))
    (fp_line (start -1 -0.6) (end -1 0.6) (layer B.Fab) (width 0.1))
    (pad 2 smd roundrect (at 1.025 0 180) (size 1.15 1.4) (layers B.Cu B.Paste B.Mask) (roundrect_rratio 0.217391)
      (net 23 "Net-(R19-Pad2)"))
    (pad 1 smd roundrect (at -1.025 0 180) (size 1.15 1.4) (layers B.Cu B.Paste B.Mask) (roundrect_rratio 0.217391)
      (net 3 -5V))
    (model ${KISYS3DMOD}/Resistor_SMD.3dshapes/R_0805_2012Metric.wrl
      (at (xyz 0 0 0))
      (scale (xyz 1 1 1))
      (rotate (xyz 0 0 0))
    )
  )

  (module synkie_footprints:R_0805_2012Metric_Pad1.15x1.40mm_HandSolder (layer B.Cu) (tedit 5B36C52B) (tstamp 5DCFC0D8)
    (at 81.026 67.818 180)
    (descr "Resistor SMD 0805 (2012 Metric), square (rectangular) end terminal, IPC_7351 nominal with elongated pad for handsoldering. (Body size source: https://docs.google.com/spreadsheets/d/1BsfQQcO9C6DZCsRaXUlFlo91Tg2WpOkGARC1WS5S8t0/edit?usp=sharing), generated with kicad-footprint-generator")
    (tags "resistor handsolder")
    (path /5DE3508C)
    (attr smd)
    (fp_text reference R18 (at -0.1778 -1.7526) (layer B.SilkS)
      (effects (font (size 1 1) (thickness 0.15)) (justify mirror))
    )
    (fp_text value 3k (at 0 -1.65) (layer B.Fab)
      (effects (font (size 1 1) (thickness 0.15)) (justify mirror))
    )
    (fp_text user %R (at 0 0) (layer B.Fab)
      (effects (font (size 0.5 0.5) (thickness 0.08)) (justify mirror))
    )
    (fp_line (start 1.85 -0.95) (end -1.85 -0.95) (layer B.CrtYd) (width 0.05))
    (fp_line (start 1.85 0.95) (end 1.85 -0.95) (layer B.CrtYd) (width 0.05))
    (fp_line (start -1.85 0.95) (end 1.85 0.95) (layer B.CrtYd) (width 0.05))
    (fp_line (start -1.85 -0.95) (end -1.85 0.95) (layer B.CrtYd) (width 0.05))
    (fp_line (start -0.261252 -0.71) (end 0.261252 -0.71) (layer B.SilkS) (width 0.12))
    (fp_line (start -0.261252 0.71) (end 0.261252 0.71) (layer B.SilkS) (width 0.12))
    (fp_line (start 1 -0.6) (end -1 -0.6) (layer B.Fab) (width 0.1))
    (fp_line (start 1 0.6) (end 1 -0.6) (layer B.Fab) (width 0.1))
    (fp_line (start -1 0.6) (end 1 0.6) (layer B.Fab) (width 0.1))
    (fp_line (start -1 -0.6) (end -1 0.6) (layer B.Fab) (width 0.1))
    (pad 2 smd roundrect (at 1.025 0 180) (size 1.15 1.4) (layers B.Cu B.Paste B.Mask) (roundrect_rratio 0.217391)
      (net 1 +5V))
    (pad 1 smd roundrect (at -1.025 0 180) (size 1.15 1.4) (layers B.Cu B.Paste B.Mask) (roundrect_rratio 0.217391)
      (net 22 "Net-(R18-Pad1)"))
    (model ${KISYS3DMOD}/Resistor_SMD.3dshapes/R_0805_2012Metric.wrl
      (at (xyz 0 0 0))
      (scale (xyz 1 1 1))
      (rotate (xyz 0 0 0))
    )
  )

  (module synkie_footprints:R_0805_2012Metric_Pad1.15x1.40mm_HandSolder (layer F.Cu) (tedit 5B36C52B) (tstamp 5DCE4DBB)
    (at 116.332 55.372 270)
    (descr "Resistor SMD 0805 (2012 Metric), square (rectangular) end terminal, IPC_7351 nominal with elongated pad for handsoldering. (Body size source: https://docs.google.com/spreadsheets/d/1BsfQQcO9C6DZCsRaXUlFlo91Tg2WpOkGARC1WS5S8t0/edit?usp=sharing), generated with kicad-footprint-generator")
    (tags "resistor handsolder")
    (path /5DE34830)
    (attr smd)
    (fp_text reference R17 (at 0 -1.65 90) (layer F.SilkS)
      (effects (font (size 1 1) (thickness 0.15)))
    )
    (fp_text value 22k (at 0 1.65 90) (layer F.Fab)
      (effects (font (size 1 1) (thickness 0.15)))
    )
    (fp_text user %R (at 0 0 90) (layer F.Fab)
      (effects (font (size 0.5 0.5) (thickness 0.08)))
    )
    (fp_line (start 1.85 0.95) (end -1.85 0.95) (layer F.CrtYd) (width 0.05))
    (fp_line (start 1.85 -0.95) (end 1.85 0.95) (layer F.CrtYd) (width 0.05))
    (fp_line (start -1.85 -0.95) (end 1.85 -0.95) (layer F.CrtYd) (width 0.05))
    (fp_line (start -1.85 0.95) (end -1.85 -0.95) (layer F.CrtYd) (width 0.05))
    (fp_line (start -0.261252 0.71) (end 0.261252 0.71) (layer F.SilkS) (width 0.12))
    (fp_line (start -0.261252 -0.71) (end 0.261252 -0.71) (layer F.SilkS) (width 0.12))
    (fp_line (start 1 0.6) (end -1 0.6) (layer F.Fab) (width 0.1))
    (fp_line (start 1 -0.6) (end 1 0.6) (layer F.Fab) (width 0.1))
    (fp_line (start -1 -0.6) (end 1 -0.6) (layer F.Fab) (width 0.1))
    (fp_line (start -1 0.6) (end -1 -0.6) (layer F.Fab) (width 0.1))
    (pad 2 smd roundrect (at 1.025 0 270) (size 1.15 1.4) (layers F.Cu F.Paste F.Mask) (roundrect_rratio 0.217391)
      (net 21 "Net-(R12-Pad1)"))
    (pad 1 smd roundrect (at -1.025 0 270) (size 1.15 1.4) (layers F.Cu F.Paste F.Mask) (roundrect_rratio 0.217391)
      (net 3 -5V))
    (model ${KISYS3DMOD}/Resistor_SMD.3dshapes/R_0805_2012Metric.wrl
      (at (xyz 0 0 0))
      (scale (xyz 1 1 1))
      (rotate (xyz 0 0 0))
    )
  )

  (module synkie_footprints:R_0805_2012Metric_Pad1.15x1.40mm_HandSolder (layer F.Cu) (tedit 5B36C52B) (tstamp 5DCE1354)
    (at 167.885 57.404 180)
    (descr "Resistor SMD 0805 (2012 Metric), square (rectangular) end terminal, IPC_7351 nominal with elongated pad for handsoldering. (Body size source: https://docs.google.com/spreadsheets/d/1BsfQQcO9C6DZCsRaXUlFlo91Tg2WpOkGARC1WS5S8t0/edit?usp=sharing), generated with kicad-footprint-generator")
    (tags "resistor handsolder")
    (path /5DCC7045)
    (attr smd)
    (fp_text reference R16 (at 0 -1.65) (layer F.SilkS)
      (effects (font (size 1 1) (thickness 0.15)))
    )
    (fp_text value 47k (at 0 1.65) (layer F.Fab)
      (effects (font (size 1 1) (thickness 0.15)))
    )
    (fp_text user %R (at 0 0) (layer F.Fab)
      (effects (font (size 0.5 0.5) (thickness 0.08)))
    )
    (fp_line (start 1.85 0.95) (end -1.85 0.95) (layer F.CrtYd) (width 0.05))
    (fp_line (start 1.85 -0.95) (end 1.85 0.95) (layer F.CrtYd) (width 0.05))
    (fp_line (start -1.85 -0.95) (end 1.85 -0.95) (layer F.CrtYd) (width 0.05))
    (fp_line (start -1.85 0.95) (end -1.85 -0.95) (layer F.CrtYd) (width 0.05))
    (fp_line (start -0.261252 0.71) (end 0.261252 0.71) (layer F.SilkS) (width 0.12))
    (fp_line (start -0.261252 -0.71) (end 0.261252 -0.71) (layer F.SilkS) (width 0.12))
    (fp_line (start 1 0.6) (end -1 0.6) (layer F.Fab) (width 0.1))
    (fp_line (start 1 -0.6) (end 1 0.6) (layer F.Fab) (width 0.1))
    (fp_line (start -1 -0.6) (end 1 -0.6) (layer F.Fab) (width 0.1))
    (fp_line (start -1 0.6) (end -1 -0.6) (layer F.Fab) (width 0.1))
    (pad 2 smd roundrect (at 1.025 0 180) (size 1.15 1.4) (layers F.Cu F.Paste F.Mask) (roundrect_rratio 0.217391)
      (net 12 "Net-(J5-Pad1)"))
    (pad 1 smd roundrect (at -1.025 0 180) (size 1.15 1.4) (layers F.Cu F.Paste F.Mask) (roundrect_rratio 0.217391)
      (net 2 GND))
    (model ${KISYS3DMOD}/Resistor_SMD.3dshapes/R_0805_2012Metric.wrl
      (at (xyz 0 0 0))
      (scale (xyz 1 1 1))
      (rotate (xyz 0 0 0))
    )
  )

  (module synkie_footprints:R_0805_2012Metric_Pad1.15x1.40mm_HandSolder (layer F.Cu) (tedit 5B36C52B) (tstamp 5DCE1343)
    (at 120.904 56.388)
    (descr "Resistor SMD 0805 (2012 Metric), square (rectangular) end terminal, IPC_7351 nominal with elongated pad for handsoldering. (Body size source: https://docs.google.com/spreadsheets/d/1BsfQQcO9C6DZCsRaXUlFlo91Tg2WpOkGARC1WS5S8t0/edit?usp=sharing), generated with kicad-footprint-generator")
    (tags "resistor handsolder")
    (path /5DCE4D3B)
    (attr smd)
    (fp_text reference R15 (at 0 -1.65) (layer F.SilkS)
      (effects (font (size 1 1) (thickness 0.15)))
    )
    (fp_text value 22k (at 0 1.65) (layer F.Fab)
      (effects (font (size 1 1) (thickness 0.15)))
    )
    (fp_text user %R (at 0 0) (layer F.Fab)
      (effects (font (size 0.5 0.5) (thickness 0.08)))
    )
    (fp_line (start 1.85 0.95) (end -1.85 0.95) (layer F.CrtYd) (width 0.05))
    (fp_line (start 1.85 -0.95) (end 1.85 0.95) (layer F.CrtYd) (width 0.05))
    (fp_line (start -1.85 -0.95) (end 1.85 -0.95) (layer F.CrtYd) (width 0.05))
    (fp_line (start -1.85 0.95) (end -1.85 -0.95) (layer F.CrtYd) (width 0.05))
    (fp_line (start -0.261252 0.71) (end 0.261252 0.71) (layer F.SilkS) (width 0.12))
    (fp_line (start -0.261252 -0.71) (end 0.261252 -0.71) (layer F.SilkS) (width 0.12))
    (fp_line (start 1 0.6) (end -1 0.6) (layer F.Fab) (width 0.1))
    (fp_line (start 1 -0.6) (end 1 0.6) (layer F.Fab) (width 0.1))
    (fp_line (start -1 -0.6) (end 1 -0.6) (layer F.Fab) (width 0.1))
    (fp_line (start -1 0.6) (end -1 -0.6) (layer F.Fab) (width 0.1))
    (pad 2 smd roundrect (at 1.025 0) (size 1.15 1.4) (layers F.Cu F.Paste F.Mask) (roundrect_rratio 0.217391)
      (net 6 "Net-(D2-Pad3)"))
    (pad 1 smd roundrect (at -1.025 0) (size 1.15 1.4) (layers F.Cu F.Paste F.Mask) (roundrect_rratio 0.217391)
      (net 21 "Net-(R12-Pad1)"))
    (model ${KISYS3DMOD}/Resistor_SMD.3dshapes/R_0805_2012Metric.wrl
      (at (xyz 0 0 0))
      (scale (xyz 1 1 1))
      (rotate (xyz 0 0 0))
    )
  )

  (module synkie_footprints:R_0805_2012Metric_Pad1.15x1.40mm_HandSolder (layer F.Cu) (tedit 5B36C52B) (tstamp 5DCE1332)
    (at 164.093 57.404)
    (descr "Resistor SMD 0805 (2012 Metric), square (rectangular) end terminal, IPC_7351 nominal with elongated pad for handsoldering. (Body size source: https://docs.google.com/spreadsheets/d/1BsfQQcO9C6DZCsRaXUlFlo91Tg2WpOkGARC1WS5S8t0/edit?usp=sharing), generated with kicad-footprint-generator")
    (tags "resistor handsolder")
    (path /5DCC6769)
    (attr smd)
    (fp_text reference R14 (at -3.8444 0.2032) (layer F.SilkS)
      (effects (font (size 1 1) (thickness 0.15)))
    )
    (fp_text value 100 (at 0 1.65) (layer F.Fab)
      (effects (font (size 1 1) (thickness 0.15)))
    )
    (fp_text user %R (at 0 0) (layer F.Fab)
      (effects (font (size 0.5 0.5) (thickness 0.08)))
    )
    (fp_line (start 1.85 0.95) (end -1.85 0.95) (layer F.CrtYd) (width 0.05))
    (fp_line (start 1.85 -0.95) (end 1.85 0.95) (layer F.CrtYd) (width 0.05))
    (fp_line (start -1.85 -0.95) (end 1.85 -0.95) (layer F.CrtYd) (width 0.05))
    (fp_line (start -1.85 0.95) (end -1.85 -0.95) (layer F.CrtYd) (width 0.05))
    (fp_line (start -0.261252 0.71) (end 0.261252 0.71) (layer F.SilkS) (width 0.12))
    (fp_line (start -0.261252 -0.71) (end 0.261252 -0.71) (layer F.SilkS) (width 0.12))
    (fp_line (start 1 0.6) (end -1 0.6) (layer F.Fab) (width 0.1))
    (fp_line (start 1 -0.6) (end 1 0.6) (layer F.Fab) (width 0.1))
    (fp_line (start -1 -0.6) (end 1 -0.6) (layer F.Fab) (width 0.1))
    (fp_line (start -1 0.6) (end -1 -0.6) (layer F.Fab) (width 0.1))
    (pad 2 smd roundrect (at 1.025 0) (size 1.15 1.4) (layers F.Cu F.Paste F.Mask) (roundrect_rratio 0.217391)
      (net 12 "Net-(J5-Pad1)"))
    (pad 1 smd roundrect (at -1.025 0) (size 1.15 1.4) (layers F.Cu F.Paste F.Mask) (roundrect_rratio 0.217391)
      (net 6 "Net-(D2-Pad3)"))
    (model ${KISYS3DMOD}/Resistor_SMD.3dshapes/R_0805_2012Metric.wrl
      (at (xyz 0 0 0))
      (scale (xyz 1 1 1))
      (rotate (xyz 0 0 0))
    )
  )

  (module synkie_footprints:R_0805_2012Metric_Pad1.15x1.40mm_HandSolder (layer F.Cu) (tedit 5B36C52B) (tstamp 5DCEC04E)
    (at 116.332 59.182 90)
    (descr "Resistor SMD 0805 (2012 Metric), square (rectangular) end terminal, IPC_7351 nominal with elongated pad for handsoldering. (Body size source: https://docs.google.com/spreadsheets/d/1BsfQQcO9C6DZCsRaXUlFlo91Tg2WpOkGARC1WS5S8t0/edit?usp=sharing), generated with kicad-footprint-generator")
    (tags "resistor handsolder")
    (path /5DCFB76E)
    (attr smd)
    (fp_text reference R13 (at -2.4638 1.016 180) (layer F.SilkS)
      (effects (font (size 1 1) (thickness 0.15)))
    )
    (fp_text value 20k (at 0 1.65 90) (layer F.Fab)
      (effects (font (size 1 1) (thickness 0.15)))
    )
    (fp_text user %R (at 0 0 90) (layer F.Fab)
      (effects (font (size 0.5 0.5) (thickness 0.08)))
    )
    (fp_line (start 1.85 0.95) (end -1.85 0.95) (layer F.CrtYd) (width 0.05))
    (fp_line (start 1.85 -0.95) (end 1.85 0.95) (layer F.CrtYd) (width 0.05))
    (fp_line (start -1.85 -0.95) (end 1.85 -0.95) (layer F.CrtYd) (width 0.05))
    (fp_line (start -1.85 0.95) (end -1.85 -0.95) (layer F.CrtYd) (width 0.05))
    (fp_line (start -0.261252 0.71) (end 0.261252 0.71) (layer F.SilkS) (width 0.12))
    (fp_line (start -0.261252 -0.71) (end 0.261252 -0.71) (layer F.SilkS) (width 0.12))
    (fp_line (start 1 0.6) (end -1 0.6) (layer F.Fab) (width 0.1))
    (fp_line (start 1 -0.6) (end 1 0.6) (layer F.Fab) (width 0.1))
    (fp_line (start -1 -0.6) (end 1 -0.6) (layer F.Fab) (width 0.1))
    (fp_line (start -1 0.6) (end -1 -0.6) (layer F.Fab) (width 0.1))
    (pad 2 smd roundrect (at 1.025 0 90) (size 1.15 1.4) (layers F.Cu F.Paste F.Mask) (roundrect_rratio 0.217391)
      (net 21 "Net-(R12-Pad1)"))
    (pad 1 smd roundrect (at -1.025 0 90) (size 1.15 1.4) (layers F.Cu F.Paste F.Mask) (roundrect_rratio 0.217391)
      (net 13 "Net-(Q1-PadB)"))
    (model ${KISYS3DMOD}/Resistor_SMD.3dshapes/R_0805_2012Metric.wrl
      (at (xyz 0 0 0))
      (scale (xyz 1 1 1))
      (rotate (xyz 0 0 0))
    )
  )

  (module synkie_footprints:R_0805_2012Metric_Pad1.15x1.40mm_HandSolder (layer F.Cu) (tedit 5B36C52B) (tstamp 5DCE1310)
    (at 83.058 60.198 180)
    (descr "Resistor SMD 0805 (2012 Metric), square (rectangular) end terminal, IPC_7351 nominal with elongated pad for handsoldering. (Body size source: https://docs.google.com/spreadsheets/d/1BsfQQcO9C6DZCsRaXUlFlo91Tg2WpOkGARC1WS5S8t0/edit?usp=sharing), generated with kicad-footprint-generator")
    (tags "resistor handsolder")
    (path /5DCFBE0A)
    (attr smd)
    (fp_text reference R12 (at -3.4544 0.1524) (layer F.SilkS)
      (effects (font (size 1 1) (thickness 0.15)))
    )
    (fp_text value 100k (at 0 1.65) (layer F.Fab)
      (effects (font (size 1 1) (thickness 0.15)))
    )
