(kicad_pcb (version 20171130) (host pcbnew "(5.0.1-3-g963ef8bb5)")

  (general
    (thickness 1.6)
    (drawings 0)
    (tracks 90)
    (zones 0)
    (modules 17)
    (nets 13)
  )

  (page A4)
  (layers
    (0 F.Cu signal)
    (31 B.Cu signal)
    (32 B.Adhes user)
    (33 F.Adhes user)
    (34 B.Paste user)
    (35 F.Paste user)
    (36 B.SilkS user)
    (37 F.SilkS user)
    (38 B.Mask user)
    (39 F.Mask user)
    (40 Dwgs.User user)
    (41 Cmts.User user)
    (42 Eco1.User user)
    (43 Eco2.User user)
    (44 Edge.Cuts user)
    (45 Margin user)
    (46 B.CrtYd user)
    (47 F.CrtYd user)
    (48 B.Fab user)
    (49 F.Fab user)
  )

  (setup
    (last_trace_width 0.4)
    (trace_clearance 0.4)
    (zone_clearance 0.508)
    (zone_45_only no)
    (trace_min 0.2)
    (segment_width 0.2)
    (edge_width 0.05)
    (via_size 2.5)
    (via_drill 0.8)
    (via_min_size 0.4)
    (via_min_drill 0.3)
    (uvia_size 0.3)
    (uvia_drill 0.1)
    (uvias_allowed no)
    (uvia_min_size 0.2)
    (uvia_min_drill 0.1)
    (pcb_text_width 0.3)
    (pcb_text_size 1.5 1.5)
    (mod_edge_width 0.12)
    (mod_text_size 1 1)
    (mod_text_width 0.15)
    (pad_size 1.524 1.524)
    (pad_drill 0.762)
    (pad_to_mask_clearance 0.051)
    (solder_mask_min_width 0.25)
    (aux_axis_origin 0 0)
    (visible_elements FFFFFF7F)
    (pcbplotparams
      (layerselection 0x00000_ffffffff)
      (usegerberextensions false)
      (usegerberattributes false)
      (usegerberadvancedattributes false)
      (creategerberjobfile false)
      (excludeedgelayer true)
      (linewidth 0.100000)
      (plotframeref false)
      (viasonmask false)
      (mode 1)
      (useauxorigin false)
      (hpglpennumber 1)
      (hpglpenspeed 20)
      (hpglpendiameter 15.000000)
      (psnegative false)
      (psa4output false)
      (plotreference true)
      (plotvalue true)
      (plotinvisibletext false)
      (padsonsilk false)
      (subtractmaskfromsilk false)
      (outputformat 2)
      (mirror false)
      (drillshape 1)
      (scaleselection 1)
      (outputdirectory ""))
  )

  (net 0 "")
  (net 1 "Net-(C1-Pad1)")
  (net 2 GND)
  (net 3 "Net-(C2-Pad1)")
  (net 4 +5V)
  (net 5 -5V)
  (net 6 "Net-(FB1-Pad1)")
  (net 7 "Net-(FB2-Pad1)")
  (net 8 "Net-(R1-Pad1)")
  (net 9 "Net-(R2-Pad1)")
  (net 10 "Net-(IN1-Pad1)")
  (net 11 "Net-(OUT1-Pad1)")
  (net 12 "Net-(R2-Pad2)")

  (net_class Default "This is the default net class."
    (clearance 0.4)
    (trace_width 0.4)
    (via_dia 2.5)
    (via_drill 0.8)
    (uvia_dia 0.3)
    (uvia_drill 0.1)
    (add_net "Net-(C1-Pad1)")
    (add_net "Net-(C2-Pad1)")
    (add_net "Net-(IN1-Pad1)")
    (add_net "Net-(OUT1-Pad1)")
    (add_net "Net-(R1-Pad1)")
    (add_net "Net-(R2-Pad1)")
    (add_net "Net-(R2-Pad2)")
  )

  (net_class power ""
    (clearance 0.4)
    (trace_width 1)
    (via_dia 3)
    (via_drill 0.8)
    (uvia_dia 0.3)
    (uvia_drill 0.1)
    (add_net +5V)
    (add_net -5V)
    (add_net GND)
    (add_net "Net-(FB1-Pad1)")
    (add_net "Net-(FB2-Pad1)")
  )

  (module synkie_footprints:C_0805_2012Metric_Pad1.15x1.40mm_HandSolder (layer F.Cu) (tedit 5B36C52B) (tstamp 5DF86DF9)
    (at 154.8892 64.9351)
    (descr "Capacitor SMD 0805 (2012 Metric), square (rectangular) end terminal, IPC_7351 nominal with elongated pad for handsoldering. (Body size source: https://docs.google.com/spreadsheets/d/1BsfQQcO9C6DZCsRaXUlFlo91Tg2WpOkGARC1WS5S8t0/edit?usp=sharing), generated with kicad-footprint-generator")
    (tags "capacitor handsolder")
    (path /5CF09A6F)
    (attr smd)
    (fp_text reference C1 (at 0 -1.65) (layer F.SilkS)
      (effects (font (size 1 1) (thickness 0.15)))
    )
    (fp_text value 10p (at 0 1.65) (layer F.Fab)
      (effects (font (size 1 1) (thickness 0.15)))
    )
    (fp_line (start -1 0.6) (end -1 -0.6) (layer F.Fab) (width 0.1))
    (fp_line (start -1 -0.6) (end 1 -0.6) (layer F.Fab) (width 0.1))
    (fp_line (start 1 -0.6) (end 1 0.6) (layer F.Fab) (width 0.1))
    (fp_line (start 1 0.6) (end -1 0.6) (layer F.Fab) (width 0.1))
    (fp_line (start -0.261252 -0.71) (end 0.261252 -0.71) (layer F.SilkS) (width 0.12))
    (fp_line (start -0.261252 0.71) (end 0.261252 0.71) (layer F.SilkS) (width 0.12))
    (fp_line (start -1.85 0.95) (end -1.85 -0.95) (layer F.CrtYd) (width 0.05))
    (fp_line (start -1.85 -0.95) (end 1.85 -0.95) (layer F.CrtYd) (width 0.05))
    (fp_line (start 1.85 -0.95) (end 1.85 0.95) (layer F.CrtYd) (width 0.05))
    (fp_line (start 1.85 0.95) (end -1.85 0.95) (layer F.CrtYd) (width 0.05))
    (fp_text user %R (at 0 0) (layer F.Fab)
      (effects (font (size 0.5 0.5) (thickness 0.08)))
    )
    (pad 1 smd roundrect (at -1.025 0) (size 1.15 1.4) (layers F.Cu F.Paste F.Mask) (roundrect_rratio 0.217391)
      (net 1 "Net-(C1-Pad1)"))
    (pad 2 smd roundrect (at 1.025 0) (size 1.15 1.4) (layers F.Cu F.Paste F.Mask) (roundrect_rratio 0.217391)
      (net 2 GND))
    (model ${KISYS3DMOD}/Capacitor_SMD.3dshapes/C_0805_2012Metric.wrl
      (at (xyz 0 0 0))
      (scale (xyz 1 1 1))
      (rotate (xyz 0 0 0))
    )
  )

  (module synkie_footprints:C_0805_2012Metric_Pad1.15x1.40mm_HandSolder (layer F.Cu) (tedit 5B36C52B) (tstamp 5DF86E0A)
    (at 153.534 79.502)
    (descr "Capacitor SMD 0805 (2012 Metric), square (rectangular) end terminal, IPC_7351 nominal with elongated pad for handsoldering. (Body size source: https://docs.google.com/spreadsheets/d/1BsfQQcO9C6DZCsRaXUlFlo91Tg2WpOkGARC1WS5S8t0/edit?usp=sharing), generated with kicad-footprint-generator")
    (tags "capacitor handsolder")
    (path /5CF0BC3B)
    (attr smd)
    (fp_text reference C2 (at 0 -1.65) (layer F.SilkS)
      (effects (font (size 1 1) (thickness 0.15)))
    )
    (fp_text value 10p (at 0 1.65) (layer F.Fab)
      (effects (font (size 1 1) (thickness 0.15)))
    )
    (fp_text user %R (at 0 0) (layer F.Fab)
      (effects (font (size 0.5 0.5) (thickness 0.08)))
    )
    (fp_line (start 1.85 0.95) (end -1.85 0.95) (layer F.CrtYd) (width 0.05))
    (fp_line (start 1.85 -0.95) (end 1.85 0.95) (layer F.CrtYd) (width 0.05))
    (fp_line (start -1.85 -0.95) (end 1.85 -0.95) (layer F.CrtYd) (width 0.05))
    (fp_line (start -1.85 0.95) (end -1.85 -0.95) (layer F.CrtYd) (width 0.05))
    (fp_line (start -0.261252 0.71) (end 0.261252 0.71) (layer F.SilkS) (width 0.12))
    (fp_line (start -0.261252 -0.71) (end 0.261252 -0.71) (layer F.SilkS) (width 0.12))
    (fp_line (start 1 0.6) (end -1 0.6) (layer F.Fab) (width 0.1))
    (fp_line (start 1 -0.6) (end 1 0.6) (layer F.Fab) (width 0.1))
    (fp_line (start -1 -0.6) (end 1 -0.6) (layer F.Fab) (width 0.1))
    (fp_line (start -1 0.6) (end -1 -0.6) (layer F.Fab) (width 0.1))
    (pad 2 smd roundrect (at 1.025 0) (size 1.15 1.4) (layers F.Cu F.Paste F.Mask) (roundrect_rratio 0.217391)
      (net 2 GND))
    (pad 1 smd roundrect (at -1.025 0) (size 1.15 1.4) (layers F.Cu F.Paste F.Mask) (roundrect_rratio 0.217391)
      (net 3 "Net-(C2-Pad1)"))
    (model ${KISYS3DMOD}/Capacitor_SMD.3dshapes/C_0805_2012Metric.wrl
      (at (xyz 0 0 0))
      (scale (xyz 1 1 1))
      (rotate (xyz 0 0 0))
    )
  )

  (module synkie_footprints:CP_EIA-3528-21_Kemet-B_Pad1.50x2.35mm_HandSolder (layer F.Cu) (tedit 5B342532) (tstamp 5DF86E3F)
    (at 161.899 64.897)
    (descr "Tantalum Capacitor SMD Kemet-B (3528-21 Metric), IPC_7351 nominal, (Body size from: http://www.kemet.com/Lists/ProductCatalog/Attachments/253/KEM_TC101_STD.pdf), generated with kicad-footprint-generator")
    (tags "capacitor tantalum")
    (path /5CF35EA8)
    (attr smd)
    (fp_text reference C5 (at 0 -2.35) (layer F.SilkS)
      (effects (font (size 1 1) (thickness 0.15)))
    )
    (fp_text value 10u (at 0 2.35) (layer F.Fab)
      (effects (font (size 1 1) (thickness 0.15)))
    )
    (fp_line (start 1.75 -1.4) (end -1.05 -1.4) (layer F.Fab) (width 0.1))
    (fp_line (start -1.05 -1.4) (end -1.75 -0.7) (layer F.Fab) (width 0.1))
    (fp_line (start -1.75 -0.7) (end -1.75 1.4) (layer F.Fab) (width 0.1))
    (fp_line (start -1.75 1.4) (end 1.75 1.4) (layer F.Fab) (width 0.1))
    (fp_line (start 1.75 1.4) (end 1.75 -1.4) (layer F.Fab) (width 0.1))
    (fp_line (start 1.75 -1.51) (end -2.635 -1.51) (layer F.SilkS) (width 0.12))
    (fp_line (start -2.635 -1.51) (end -2.635 1.51) (layer F.SilkS) (width 0.12))
    (fp_line (start -2.635 1.51) (end 1.75 1.51) (layer F.SilkS) (width 0.12))
    (fp_line (start -2.62 1.65) (end -2.62 -1.65) (layer F.CrtYd) (width 0.05))
    (fp_line (start -2.62 -1.65) (end 2.62 -1.65) (layer F.CrtYd) (width 0.05))
    (fp_line (start 2.62 -1.65) (end 2.62 1.65) (layer F.CrtYd) (width 0.05))
    (fp_line (start 2.62 1.65) (end -2.62 1.65) (layer F.CrtYd) (width 0.05))
    (fp_text user %R (at 0 0) (layer F.Fab)
      (effects (font (size 0.88 0.88) (thickness 0.13)))
    )
    (pad 1 smd roundrect (at -1.625 0) (size 1.5 2.35) (layers F.Cu F.Paste F.Mask) (roundrect_rratio 0.166667)
      (net 4 +5V))
    (pad 2 smd roundrect (at 1.625 0) (size 1.5 2.35) (layers F.Cu F.Paste F.Mask) (roundrect_rratio 0.166667)
      (net 2 GND))
    (model ${KISYS3DMOD}/Capacitor_Tantalum_SMD.3dshapes/CP_EIA-3528-21_Kemet-B.wrl
      (at (xyz 0 0 0))
      (scale (xyz 1 1 1))
      (rotate (xyz 0 0 0))
    )
  )

  (module synkie_footprints:CP_EIA-3528-21_Kemet-B_Pad1.50x2.35mm_HandSolder (layer F.Cu) (tedit 5B342532) (tstamp 5DF86E52)
    (at 162.459 78.867 180)
    (descr "Tantalum Capacitor SMD Kemet-B (3528-21 Metric), IPC_7351 nominal, (Body size from: http://www.kemet.com/Lists/ProductCatalog/Attachments/253/KEM_TC101_STD.pdf), generated with kicad-footprint-generator")
    (tags "capacitor tantalum")
    (path /5CF3B22D)
    (attr smd)
    (fp_text reference C6 (at 0 -2.35 180) (layer F.SilkS)
      (effects (font (size 1 1) (thickness 0.15)))
    )
    (fp_text value 10u (at 0 2.35 180) (layer F.Fab)
      (effects (font (size 1 1) (thickness 0.15)))
    )
    (fp_text user %R (at 0 0 180) (layer F.Fab)
      (effects (font (size 0.88 0.88) (thickness 0.13)))
    )
    (fp_line (start 2.62 1.65) (end -2.62 1.65) (layer F.CrtYd) (width 0.05))
    (fp_line (start 2.62 -1.65) (end 2.62 1.65) (layer F.CrtYd) (width 0.05))
    (fp_line (start -2.62 -1.65) (end 2.62 -1.65) (layer F.CrtYd) (width 0.05))
    (fp_line (start -2.62 1.65) (end -2.62 -1.65) (layer F.CrtYd) (width 0.05))
    (fp_line (start -2.635 1.51) (end 1.75 1.51) (layer F.SilkS) (width 0.12))
    (fp_line (start -2.635 -1.51) (end -2.635 1.51) (layer F.SilkS) (width 0.12))
    (fp_line (start 1.75 -1.51) (end -2.635 -1.51) (layer F.SilkS) (width 0.12))
    (fp_line (start 1.75 1.4) (end 1.75 -1.4) (layer F.Fab) (width 0.1))
    (fp_line (start -1.75 1.4) (end 1.75 1.4) (layer F.Fab) (width 0.1))
    (fp_line (start -1.75 -0.7) (end -1.75 1.4) (layer F.Fab) (width 0.1))
    (fp_line (start -1.05 -1.4) (end -1.75 -0.7) (layer F.Fab) (width 0.1))
    (fp_line (start 1.75 -1.4) (end -1.05 -1.4) (layer F.Fab) (width 0.1))
    (pad 2 smd roundrect (at 1.625 0 180) (size 1.5 2.35) (layers F.Cu F.Paste F.Mask) (roundrect_rratio 0.166667)
      (net 5 -5V))
    (pad 1 smd roundrect (at -1.625 0 180) (size 1.5 2.35) (layers F.Cu F.Paste F.Mask) (roundrect_rratio 0.166667)
      (net 2 GND))
    (model ${KISYS3DMOD}/Capacitor_Tantalum_SMD.3dshapes/CP_EIA-3528-21_Kemet-B.wrl
      (at (xyz 0 0 0))
      (scale (xyz 1 1 1))
      (rotate (xyz 0 0 0))
    )
  )

  (module synkie_footprints:Solderpad_1mm (layer F.Cu) (tedit 5C6B1640) (tstamp 5DF86E79)
    (at 144.145 66.548 90)
    (path /5CF279D9)
    (fp_text reference IN1 (at 0 1.778 90) (layer F.SilkS)
      (effects (font (size 1 1) (thickness 0.15)))
    )
    (fp_text value Conn_01x01 (at 0 -2.032 90) (layer F.Fab)
      (effects (font (size 1 1) (thickness 0.15)))
    )
    (pad 1 thru_hole circle (at -0.508 -0.254 90) (size 2.5 2.5) (drill 1) (layers *.Cu *.Mask)
      (net 10 "Net-(IN1-Pad1)"))
  )

  (module synkie_footprints:Molex_KK-254_AE-6410-03A_1x03_P2.54mm_Vertical (layer B.Cu) (tedit 5B78013E) (tstamp 5DF86EA1)
    (at 161.163 74.3204 90)
    (descr "Molex KK-254 Interconnect System, old/engineering part number: AE-6410-03A example for new part number: 22-27-2031, 3 Pins (http://www.molex.com/pdm_docs/sd/022272021_sd.pdf), generated with kicad-footprint-generator")
    (tags "connector Molex KK-254 side entry")
    (path /5CF2C01D)
    (fp_text reference J5 (at 2.54 4.12 90) (layer B.SilkS)
      (effects (font (size 1 1) (thickness 0.15)) (justify mirror))
    )
    (fp_text value Conn_01x03 (at 2.54 -4.08 90) (layer B.Fab)
      (effects (font (size 1 1) (thickness 0.15)) (justify mirror))
    )
    (fp_line (start -1.27 2.92) (end -1.27 -2.88) (layer B.Fab) (width 0.1))
    (fp_line (start -1.27 -2.88) (end 6.35 -2.88) (layer B.Fab) (width 0.1))
    (fp_line (start 6.35 -2.88) (end 6.35 2.92) (layer B.Fab) (width 0.1))
    (fp_line (start 6.35 2.92) (end -1.27 2.92) (layer B.Fab) (width 0.1))
    (fp_line (start -1.38 3.03) (end -1.38 -2.99) (layer B.SilkS) (width 0.12))
    (fp_line (start -1.38 -2.99) (end 6.46 -2.99) (layer B.SilkS) (width 0.12))
    (fp_line (start 6.46 -2.99) (end 6.46 3.03) (layer B.SilkS) (width 0.12))
    (fp_line (start 6.46 3.03) (end -1.38 3.03) (layer B.SilkS) (width 0.12))
    (fp_line (start -1.67 2) (end -1.67 -2) (layer B.SilkS) (width 0.12))
    (fp_line (start -1.27 0.5) (end -0.562893 0) (layer B.Fab) (width 0.1))
    (fp_line (start -0.562893 0) (end -1.27 -0.5) (layer B.Fab) (width 0.1))
    (fp_line (start 0 -2.99) (end 0 -1.99) (layer B.SilkS) (width 0.12))
    (fp_line (start 0 -1.99) (end 5.08 -1.99) (layer B.SilkS) (width 0.12))
    (fp_line (start 5.08 -1.99) (end 5.08 -2.99) (layer B.SilkS) (width 0.12))
    (fp_line (start 0 -1.99) (end 0.25 -1.46) (layer B.SilkS) (width 0.12))
    (fp_line (start 0.25 -1.46) (end 4.83 -1.46) (layer B.SilkS) (width 0.12))
    (fp_line (start 4.83 -1.46) (end 5.08 -1.99) (layer B.SilkS) (width 0.12))
    (fp_line (start 0.25 -2.99) (end 0.25 -1.99) (layer B.SilkS) (width 0.12))
    (fp_line (start 4.83 -2.99) (end 4.83 -1.99) (layer B.SilkS) (width 0.12))
    (fp_line (start -0.8 3.03) (end -0.8 2.43) (layer B.SilkS) (width 0.12))
    (fp_line (start -0.8 2.43) (end 0.8 2.43) (layer B.SilkS) (width 0.12))
    (fp_line (start 0.8 2.43) (end 0.8 3.03) (layer B.SilkS) (width 0.12))
    (fp_line (start 1.74 3.03) (end 1.74 2.43) (layer B.SilkS) (width 0.12))
    (fp_line (start 1.74 2.43) (end 3.34 2.43) (layer B.SilkS) (width 0.12))
    (fp_line (start 3.34 2.43) (end 3.34 3.03) (layer B.SilkS) (width 0.12))
    (fp_line (start 4.28 3.03) (end 4.28 2.43) (layer B.SilkS) (width 0.12))
    (fp_line (start 4.28 2.43) (end 5.88 2.43) (layer B.SilkS) (width 0.12))
    (fp_line (start 5.88 2.43) (end 5.88 3.03) (layer B.SilkS) (width 0.12))
    (fp_line (start -1.77 3.42) (end -1.77 -3.38) (layer B.CrtYd) (width 0.05))
    (fp_line (start -1.77 -3.38) (end 6.85 -3.38) (layer B.CrtYd) (width 0.05))
    (fp_line (start 6.85 -3.38) (end 6.85 3.42) (layer B.CrtYd) (width 0.05))
    (fp_line (start 6.85 3.42) (end -1.77 3.42) (layer B.CrtYd) (width 0.05))
    (fp_text user %R (at 2.54 2.22 90) (layer B.Fab)
      (effects (font (size 1 1) (thickness 0.15)) (justify mirror))
    )
    (pad 1 thru_hole roundrect (at 0 0 90) (size 1.74 2.2) (drill 1.2) (layers *.Cu *.Mask) (roundrect_rratio 0.143678)
      (net 7 "Net-(FB2-Pad1)"))
    (pad 2 thru_hole oval (at 2.54 0 90) (size 1.74 2.2) (drill 1.2) (layers *.Cu *.Mask)
      (net 2 GND))
    (pad 3 thru_hole oval (at 5.08 0 90) (size 1.74 2.2) (drill 1.2) (layers *.Cu *.Mask)
      (net 6 "Net-(FB1-Pad1)"))
    (model ${KISYS3DMOD}/Connector_Molex.3dshapes/Molex_KK-254_AE-6410-03A_1x03_P2.54mm_Vertical.wrl
      (at (xyz 0 0 0))
      (scale (xyz 1 1 1))
      (rotate (xyz 0 0 0))
    )
  )

  (module synkie_footprints:Solderpad_1mm (layer F.Cu) (tedit 5C6B1640) (tstamp 5DF86EA6)
    (at 144.399 75.819 90)
    (path /5CF2941F)
    (fp_text reference OUT1 (at 0 1.778 90) (layer F.SilkS)
      (effects (font (size 1 1) (thickness 0.15)))
    )
    (fp_text value Conn_01x01 (at 0 -2.032 90) (layer F.Fab)
      (effects (font (size 1 1) (thickness 0.15)))
    )
    (pad 1 thru_hole circle (at -0.508 -0.254 90) (size 2.5 2.5) (drill 1) (layers *.Cu *.Mask)
      (net 11 "Net-(OUT1-Pad1)"))
  )

  (module synkie_footprints:R_0805_2012Metric_Pad1.15x1.40mm_HandSolder (layer F.Cu) (tedit 5B36C52B) (tstamp 5DF86EB7)
    (at 150.5585 64.9351 180)
    (descr "Resistor SMD 0805 (2012 Metric), square (rectangular) end terminal, IPC_7351 nominal with elongated pad for handsoldering. (Body size source: https://docs.google.com/spreadsheets/d/1BsfQQcO9C6DZCsRaXUlFlo91Tg2WpOkGARC1WS5S8t0/edit?usp=sharing), generated with kicad-footprint-generator")
    (tags "resistor handsolder")
    (path /5CF0371B)
    (attr smd)
    (fp_text reference R1 (at 0 -1.65 180) (layer F.SilkS)
      (effects (font (size 1 1) (thickness 0.15)))
    )
    (fp_text value 220 (at 0 1.65 180) (layer F.Fab)
      (effects (font (size 1 1) (thickness 0.15)))
    )
    (fp_line (start -1 0.6) (end -1 -0.6) (layer F.Fab) (width 0.1))
    (fp_line (start -1 -0.6) (end 1 -0.6) (layer F.Fab) (width 0.1))
    (fp_line (start 1 -0.6) (end 1 0.6) (layer F.Fab) (width 0.1))
    (fp_line (start 1 0.6) (end -1 0.6) (layer F.Fab) (width 0.1))
    (fp_line (start -0.261252 -0.71) (end 0.261252 -0.71) (layer F.SilkS) (width 0.12))
    (fp_line (start -0.261252 0.71) (end 0.261252 0.71) (layer F.SilkS) (width 0.12))
    (fp_line (start -1.85 0.95) (end -1.85 -0.95) (layer F.CrtYd) (width 0.05))
    (fp_line (start -1.85 -0.95) (end 1.85 -0.95) (layer F.CrtYd) (width 0.05))
    (fp_line (start 1.85 -0.95) (end 1.85 0.95) (layer F.CrtYd) (width 0.05))
    (fp_line (start 1.85 0.95) (end -1.85 0.95) (layer F.CrtYd) (width 0.05))
    (fp_text user %R (at 0 0 180) (layer F.Fab)
      (effects (font (size 0.5 0.5) (thickness 0.08)))
    )
    (pad 1 smd roundrect (at -1.025 0 180) (size 1.15 1.4) (layers F.Cu F.Paste F.Mask) (roundrect_rratio 0.217391)
      (net 8 "Net-(R1-Pad1)"))
    (pad 2 smd roundrect (at 1.025 0 180) (size 1.15 1.4) (layers F.Cu F.Paste F.Mask) (roundrect_rratio 0.217391)
      (net 10 "Net-(IN1-Pad1)"))
    (model ${KISYS3DMOD}/Resistor_SMD.3dshapes/R_0805_2012Metric.wrl
      (at (xyz 0 0 0))
      (scale (xyz 1 1 1))
      (rotate (xyz 0 0 0))
    )
  )

  (module synkie_footprints:R_0805_2012Metric_Pad1.15x1.40mm_HandSolder (layer F.Cu) (tedit 5B36C52B) (tstamp 5DF875F2)
    (at 149.479 79.502 180)
    (descr "Resistor SMD 0805 (2012 Metric), square (rectangular) end terminal, IPC_7351 nominal with elongated pad for handsoldering. (Body size source: https://docs.google.com/spreadsheets/d/1BsfQQcO9C6DZCsRaXUlFlo91Tg2WpOkGARC1WS5S8t0/edit?usp=sharing), generated with kicad-footprint-generator")
    (tags "resistor handsolder")
    (path /5CF07F29)
    (attr smd)
    (fp_text reference R2 (at 0 -1.65 180) (layer F.SilkS)
      (effects (font (size 1 1) (thickness 0.15)))
    )
    (fp_text value 220 (at 0 1.65 180) (layer F.Fab)
      (effects (font (size 1 1) (thickness 0.15)))
    )
    (fp_line (start -1 0.6) (end -1 -0.6) (layer F.Fab) (width 0.1))
    (fp_line (start -1 -0.6) (end 1 -0.6) (layer F.Fab) (width 0.1))
    (fp_line (start 1 -0.6) (end 1 0.6) (layer F.Fab) (width 0.1))
    (fp_line (start 1 0.6) (end -1 0.6) (layer F.Fab) (width 0.1))
    (fp_line (start -0.261252 -0.71) (end 0.261252 -0.71) (layer F.SilkS) (width 0.12))
    (fp_line (start -0.261252 0.71) (end 0.261252 0.71) (layer F.SilkS) (width 0.12))
    (fp_line (start -1.85 0.95) (end -1.85 -0.95) (layer F.CrtYd) (width 0.05))
    (fp_line (start -1.85 -0.95) (end 1.85 -0.95) (layer F.CrtYd) (width 0.05))
    (fp_line (start 1.85 -0.95) (end 1.85 0.95) (layer F.CrtYd) (width 0.05))
    (fp_line (start 1.85 0.95) (end -1.85 0.95) (layer F.CrtYd) (width 0.05))
    (fp_text user %R (at 0 0 180) (layer F.Fab)
      (effects (font (size 0.5 0.5) (thickness 0.08)))
    )
    (pad 1 smd roundrect (at -1.025 0 180) (size 1.15 1.4) (layers F.Cu F.Paste F.Mask) (roundrect_rratio 0.217391)
      (net 9 "Net-(R2-Pad1)"))
    (pad 2 smd roundrect (at 1.025 0 180) (size 1.15 1.4) (layers F.Cu F.Paste F.Mask) (roundrect_rratio 0.217391)
      (net 12 "Net-(R2-Pad2)"))
    (model ${KISYS3DMOD}/Resistor_SMD.3dshapes/R_0805_2012Metric.wrl
      (at (xyz 0 0 0))
      (scale (xyz 1 1 1))
      (rotate (xyz 0 0 0))
    )
  )

  (module synkie_footprints:R_0805_2012Metric_Pad1.15x1.40mm_HandSolder (layer F.Cu) (tedit 5B36C52B) (tstamp 5DF86ED9)
    (at 150.6855 67.1322)
    (descr "Resistor SMD 0805 (2012 Metric), square (rectangular) end terminal, IPC_7351 nominal with elongated pad for handsoldering. (Body size source: https://docs.google.com/spreadsheets/d/1BsfQQcO9C6DZCsRaXUlFlo91Tg2WpOkGARC1WS5S8t0/edit?usp=sharing), generated with kicad-footprint-generator")
    (tags "resistor handsolder")
    (path /5CF077C1)
    (attr smd)
    (fp_text reference R3 (at 0 -1.65) (layer F.SilkS)
      (effects (font (size 1 1) (thickness 0.15)))
    )
    (fp_text value 220 (at 0 1.65) (layer F.Fab)
      (effects (font (size 1 1) (thickness 0.15)))
    )
    (fp_text user %R (at 0 0) (layer F.Fab)
      (effects (font (size 0.5 0.5) (thickness 0.08)))
    )
    (fp_line (start 1.85 0.95) (end -1.85 0.95) (layer F.CrtYd) (width 0.05))
    (fp_line (start 1.85 -0.95) (end 1.85 0.95) (layer F.CrtYd) (width 0.05))
    (fp_line (start -1.85 -0.95) (end 1.85 -0.95) (layer F.CrtYd) (width 0.05))
    (fp_line (start -1.85 0.95) (end -1.85 -0.95) (layer F.CrtYd) (width 0.05))
    (fp_line (start -0.261252 0.71) (end 0.261252 0.71) (layer F.SilkS) (width 0.12))
    (fp_line (start -0.261252 -0.71) (end 0.261252 -0.71) (layer F.SilkS) (width 0.12))
    (fp_line (start 1 0.6) (end -1 0.6) (layer F.Fab) (width 0.1))
    (fp_line (start 1 -0.6) (end 1 0.6) (layer F.Fab) (width 0.1))
    (fp_line (start -1 -0.6) (end 1 -0.6) (layer F.Fab) (width 0.1))
    (fp_line (start -1 0.6) (end -1 -0.6) (layer F.Fab) (width 0.1))
    (pad 2 smd roundrect (at 1.025 0) (size 1.15 1.4) (layers F.Cu F.Paste F.Mask) (roundrect_rratio 0.217391)
      (net 8 "Net-(R1-Pad1)"))
    (pad 1 smd roundrect (at -1.025 0) (size 1.15 1.4) (layers F.Cu F.Paste F.Mask) (roundrect_rratio 0.217391)
      (net 12 "Net-(R2-Pad2)"))
    (model ${KISYS3DMOD}/Resistor_SMD.3dshapes/R_0805_2012Metric.wrl
      (at (xyz 0 0 0))
      (scale (xyz 1 1 1))
      (rotate (xyz 0 0 0))
    )
  )

  (module synkie_footprints:R_0805_2012Metric_Pad1.15x1.40mm_HandSolder (layer F.Cu) (tedit 5B36C52B) (tstamp 5DF86EEA)
    (at 149.3901 77.1271)
    (descr "Resistor SMD 0805 (2012 Metric), square (rectangular) end terminal, IPC_7351 nominal with elongated pad for handsoldering. (Body size source: https://docs.google.com/spreadsheets/d/1BsfQQcO9C6DZCsRaXUlFlo91Tg2WpOkGARC1WS5S8t0/edit?usp=sharing), generated with kicad-footprint-generator")
    (tags "resistor handsolder")
    (path /5CF09288)
    (attr smd)
    (fp_text reference R4 (at 0 -1.65) (layer F.SilkS)
      (effects (font (size 1 1) (thickness 0.15)))
    )
    (fp_text value 220 (at 0 1.65) (layer F.Fab)
      (effects (font (size 1 1) (thickness 0.15)))
    )
    (fp_text user %R (at 0 0) (layer F.Fab)
      (effects (font (size 0.5 0.5) (thickness 0.08)))
    )
    (fp_line (start 1.85 0.95) (end -1.85 0.95) (layer F.CrtYd) (width 0.05))
    (fp_line (start 1.85 -0.95) (end 1.85 0.95) (layer F.CrtYd) (width 0.05))
    (fp_line (start -1.85 -0.95) (end 1.85 -0.95) (layer F.CrtYd) (width 0.05))
    (fp_line (start -1.85 0.95) (end -1.85 -0.95) (layer F.CrtYd) (width 0.05))
    (fp_line (start -0.261252 0.71) (end 0.261252 0.71) (layer F.SilkS) (width 0.12))
    (fp_line (start -0.261252 -0.71) (end 0.261252 -0.71) (layer F.SilkS) (width 0.12))
    (fp_line (start 1 0.6) (end -1 0.6) (layer F.Fab) (width 0.1))
    (fp_line (start 1 -0.6) (end 1 0.6) (layer F.Fab) (width 0.1))
    (fp_line (start -1 -0.6) (end 1 -0.6) (layer F.Fab) (width 0.1))
    (fp_line (start -1 0.6) (end -1 -0.6) (layer F.Fab) (width 0.1))
    (pad 2 smd roundrect (at 1.025 0) (size 1.15 1.4) (layers F.Cu F.Paste F.Mask) (roundrect_rratio 0.217391)
      (net 9 "Net-(R2-Pad1)"))
    (pad 1 smd roundrect (at -1.025 0) (size 1.15 1.4) (layers F.Cu F.Paste F.Mask) (roundrect_rratio 0.217391)
      (net 11 "Net-(OUT1-Pad1)"))
    (model ${KISYS3DMOD}/Resistor_SMD.3dshapes/R_0805_2012Metric.wrl
      (at (xyz 0 0 0))
      (scale (xyz 1 1 1))
      (rotate (xyz 0 0 0))
    )
  )

  (module synkie_footprints:RK12L123 (layer B.Cu) (tedit 5DD2D4C4) (tstamp 5DF87D2D)
    (at 138.43 72.39 270)
    (path /5DD36098)
    (fp_text reference RV1 (at 1 -2.5 270) (layer B.SilkS)
      (effects (font (size 1 1) (thickness 0.15)) (justify mirror))
    )
    (fp_text value R_POT_Dual (at 1 -1.5 270) (layer B.Fab)
      (effects (font (size 1 1) (thickness 0.15)) (justify mirror))
    )
    (fp_circle (center 0 11) (end 3.5 11.5) (layer B.SilkS) (width 0.15))
    (fp_line (start -7 0) (end -7 19.5) (layer B.SilkS) (width 0.15))
    (fp_line (start -7 19.5) (end 7 19.5) (layer B.SilkS) (width 0.15))
    (fp_line (start 7 19.5) (end 7 0) (layer B.SilkS) (width 0.15))
    (fp_line (start 7 0) (end -6.5 0) (layer B.SilkS) (width 0.15))
    (fp_line (start -6.5 0) (end -7 0) (layer B.SilkS) (width 0.15))
    (pad 1 thru_hole circle (at -3 0 270) (size 1.524 1.524) (drill 0.762) (layers *.Cu *.Mask)
      (net 10 "Net-(IN1-Pad1)"))
    (pad 2 thru_hole circle (at -5 0 270) (size 1.524 1.524) (drill 0.762) (layers *.Cu *.Mask)
      (net 10 "Net-(IN1-Pad1)"))
    (pad 3 thru_hole circle (at 5 0 270) (size 1.524 1.524) (drill 0.762) (layers *.Cu *.Mask)
      (net 1 "Net-(C1-Pad1)"))
    (pad 4 thru_hole circle (at -1 0 270) (size 1.524 1.524) (drill 0.762) (layers *.Cu *.Mask)
      (net 12 "Net-(R2-Pad2)"))
    (pad 5 thru_hole circle (at 1 0 270) (size 1.524 1.524) (drill 0.762) (layers *.Cu *.Mask)
      (net 12 "Net-(R2-Pad2)"))
    (pad 6 thru_hole circle (at 3 0 270) (size 1.524 1.524) (drill 0.762) (layers *.Cu *.Mask)
      (net 3 "Net-(C2-Pad1)"))
    (pad 7 thru_hole circle (at 6.5 11 270) (size 4 4) (drill 2.1) (layers *.Cu *.Mask))
    (pad 9 thru_hole circle (at -6.5 11 270) (size 4 4) (drill 2.1) (layers *.Cu *.Mask))
  )

  (module synkie_footprints:SOIC-8_3.9x4.9mm_P1.27mm (layer F.Cu) (tedit 5A02F2D3) (tstamp 5DF86F19)
    (at 150.114 72.0979 90)
    (descr "8-Lead Plastic Small Outline (SN) - Narrow, 3.90 mm Body [SOIC] (see Microchip Packaging Specification 00000049BS.pdf)")
    (tags "SOIC 1.27")
    (path /5CEFE5D2)
    (attr smd)
    (fp_text reference U1 (at 0 -3.5 90) (layer F.SilkS)
      (effects (font (size 1 1) (thickness 0.15)))
    )
    (fp_text value Opamp_Dual_Generic (at 0 3.5 90) (layer F.Fab)
      (effects (font (size 1 1) (thickness 0.15)))
    )
    (fp_text user %R (at 0 0 90) (layer F.Fab)
      (effects (font (size 1 1) (thickness 0.15)))
    )
    (fp_line (start -0.95 -2.45) (end 1.95 -2.45) (layer F.Fab) (width 0.1))
    (fp_line (start 1.95 -2.45) (end 1.95 2.45) (layer F.Fab) (width 0.1))
    (fp_line (start 1.95 2.45) (end -1.95 2.45) (layer F.Fab) (width 0.1))
    (fp_line (start -1.95 2.45) (end -1.95 -1.45) (layer F.Fab) (width 0.1))
    (fp_line (start -1.95 -1.45) (end -0.95 -2.45) (layer F.Fab) (width 0.1))
    (fp_line (start -3.73 -2.7) (end -3.73 2.7) (layer F.CrtYd) (width 0.05))
    (fp_line (start 3.73 -2.7) (end 3.73 2.7) (layer F.CrtYd) (width 0.05))
    (fp_line (start -3.73 -2.7) (end 3.73 -2.7) (layer F.CrtYd) (width 0.05))
    (fp_line (start -3.73 2.7) (end 3.73 2.7) (layer F.CrtYd) (width 0.05))
    (fp_line (start -2.075 -2.575) (end -2.075 -2.525) (layer F.SilkS) (width 0.15))
    (fp_line (start 2.075 -2.575) (end 2.075 -2.43) (layer F.SilkS) (width 0.15))
    (fp_line (start 2.075 2.575) (end 2.075 2.43) (layer F.SilkS) (width 0.15))
    (fp_line (start -2.075 2.575) (end -2.075 2.43) (layer F.SilkS) (width 0.15))
    (fp_line (start -2.075 -2.575) (end 2.075 -2.575) (layer F.SilkS) (width 0.15))
    (fp_line (start -2.075 2.575) (end 2.075 2.575) (layer F.SilkS) (width 0.15))
    (fp_line (start -2.075 -2.525) (end -3.475 -2.525) (layer F.SilkS) (width 0.15))
    (pad 1 smd rect (at -2.7 -1.905 90) (size 1.55 0.6) (layers F.Cu F.Paste F.Mask)
      (net 11 "Net-(OUT1-Pad1)"))
    (pad 2 smd rect (at -2.7 -0.635 90) (size 1.55 0.6) (layers F.Cu F.Paste F.Mask)
      (net 9 "Net-(R2-Pad1)"))
    (pad 3 smd rect (at -2.7 0.635 90) (size 1.55 0.6) (layers F.Cu F.Paste F.Mask)
      (net 3 "Net-(C2-Pad1)"))
    (pad 4 smd rect (at -2.7 1.905 90) (size 1.55 0.6) (layers F.Cu F.Paste F.Mask)
      (net 5 -5V))
    (pad 5 smd rect (at 2.7 1.905 90) (size 1.55 0.6) (layers F.Cu F.Paste F.Mask)
      (net 1 "Net-(C1-Pad1)"))
    (pad 6 smd rect (at 2.7 0.635 90) (size 1.55 0.6) (layers F.Cu F.Paste F.Mask)
      (net 8 "Net-(R1-Pad1)"))
    (pad 7 smd rect (at 2.7 -0.635 90) (size 1.55 0.6) (layers F.Cu F.Paste F.Mask)
      (net 12 "Net-(R2-Pad2)"))
    (pad 8 smd rect (at 2.7 -1.905 90) (size 1.55 0.6) (layers F.Cu F.Paste F.Mask)
      (net 4 +5V))
    (model ${KISYS3DMOD}/Package_SO.3dshapes/SOIC-8_3.9x4.9mm_P1.27mm.wrl
      (at (xyz 0 0 0))
      (scale (xyz 1 1 1))
      (rotate (xyz 0 0 0))
    )
  )

  (module synkie_footprints:C_0603_1608Metric_Pad1.05x0.95mm_HandSolder (layer F.Cu) (tedit 5B301BBE) (tstamp 5DF87CEA)
    (at 146.558 71.12 270)
    (descr "Capacitor SMD 0603 (1608 Metric), square (rectangular) end terminal, IPC_7351 nominal with elongated pad for handsoldering. (Body size source: http://www.tortai-tech.com/upload/download/2011102023233369053.pdf), generated with kicad-footprint-generator")
    (tags "capacitor handsolder")
    (path /5CF1DF6E)
    (attr smd)
    (fp_text reference C3 (at 0 -1.43 270) (layer F.SilkS)
      (effects (font (size 1 1) (thickness 0.15)))
    )
    (fp_text value 100n (at 0 1.43 270) (layer F.Fab)
      (effects (font (size 1 1) (thickness 0.15)))
    )
    (fp_line (start -0.8 0.4) (end -0.8 -0.4) (layer F.Fab) (width 0.1))
    (fp_line (start -0.8 -0.4) (end 0.8 -0.4) (layer F.Fab) (width 0.1))
    (fp_line (start 0.8 -0.4) (end 0.8 0.4) (layer F.Fab) (width 0.1))
    (fp_line (start 0.8 0.4) (end -0.8 0.4) (layer F.Fab) (width 0.1))
    (fp_line (start -0.171267 -0.51) (end 0.171267 -0.51) (layer F.SilkS) (width 0.12))
    (fp_line (start -0.171267 0.51) (end 0.171267 0.51) (layer F.SilkS) (width 0.12))
    (fp_line (start -1.65 0.73) (end -1.65 -0.73) (layer F.CrtYd) (width 0.05))
    (fp_line (start -1.65 -0.73) (end 1.65 -0.73) (layer F.CrtYd) (width 0.05))
    (fp_line (start 1.65 -0.73) (end 1.65 0.73) (layer F.CrtYd) (width 0.05))
    (fp_line (start 1.65 0.73) (end -1.65 0.73) (layer F.CrtYd) (width 0.05))
    (fp_text user %R (at 0 0 270) (layer F.Fab)
      (effects (font (size 0.4 0.4) (thickness 0.06)))
    )
    (pad 1 smd roundrect (at -0.875 0 270) (size 1.05 0.95) (layers F.Cu F.Paste F.Mask) (roundrect_rratio 0.25)
      (net 4 +5V))
    (pad 2 smd roundrect (at 0.875 0 270) (size 1.05 0.95) (layers F.Cu F.Paste F.Mask) (roundrect_rratio 0.25)
      (net 2 GND))
    (model ${KISYS3DMOD}/Capacitor_SMD.3dshapes/C_0603_1608Metric.wrl
      (at (xyz 0 0 0))
      (scale (xyz 1 1 1))
      (rotate (xyz 0 0 0))
    )
  )

  (module synkie_footprints:C_0603_1608Metric_Pad1.05x0.95mm_HandSolder (layer F.Cu) (tedit 5B301BBE) (tstamp 5DF872A9)
    (at 153.797 74.3699 90)
    (descr "Capacitor SMD 0603 (1608 Metric), square (rectangular) end terminal, IPC_7351 nominal with elongated pad for handsoldering. (Body size source: http://www.tortai-tech.com/upload/download/2011102023233369053.pdf), generated with kicad-footprint-generator")
    (tags "capacitor handsolder")
    (path /5CF1EF18)
    (attr smd)
    (fp_text reference C4 (at 0 -1.43 90) (layer F.SilkS)
      (effects (font (size 1 1) (thickness 0.15)))
    )
    (fp_text value 100n (at 0 1.43 90) (layer F.Fab)
      (effects (font (size 1 1) (thickness 0.15)))
    )
    (fp_text user %R (at 0 0 90) (layer F.Fab)
      (effects (font (size 0.4 0.4) (thickness 0.06)))
    )
    (fp_line (start 1.65 0.73) (end -1.65 0.73) (layer F.CrtYd) (width 0.05))
    (fp_line (start 1.65 -0.73) (end 1.65 0.73) (layer F.CrtYd) (width 0.05))
    (fp_line (start -1.65 -0.73) (end 1.65 -0.73) (layer F.CrtYd) (width 0.05))
    (fp_line (start -1.65 0.73) (end -1.65 -0.73) (layer F.CrtYd) (width 0.05))
    (fp_line (start -0.171267 0.51) (end 0.171267 0.51) (layer F.SilkS) (width 0.12))
    (fp_line (start -0.171267 -0.51) (end 0.171267 -0.51) (layer F.SilkS) (width 0.12))
    (fp_line (start 0.8 0.4) (end -0.8 0.4) (layer F.Fab) (width 0.1))
    (fp_line (start 0.8 -0.4) (end 0.8 0.4) (layer F.Fab) (width 0.1))
    (fp_line (start -0.8 -0.4) (end 0.8 -0.4) (layer F.Fab) (width 0.1))
    (fp_line (start -0.8 0.4) (end -0.8 -0.4) (layer F.Fab) (width 0.1))
    (pad 2 smd roundrect (at 0.875 0 90) (size 1.05 0.95) (layers F.Cu F.Paste F.Mask) (roundrect_rratio 0.25)
      (net 2 GND))
    (pad 1 smd roundrect (at -0.875 0 90) (size 1.05 0.95) (layers F.Cu F.Paste F.Mask) (roundrect_rratio 0.25)
      (net 5 -5V))
    (model ${KISYS3DMOD}/Capacitor_SMD.3dshapes/C_0603_1608Metric.wrl
      (at (xyz 0 0 0))
      (scale (xyz 1 1 1))
      (rotate (xyz 0 0 0))
    )
  )

  (module synkie_footprints:L_0805_2012Metric_Pad1.15x1.40mm_HandSolder (layer F.Cu) (tedit 5B36C52B) (tstamp 5DF87721)
    (at 164.084 68.952 90)
    (descr "Capacitor SMD 0805 (2012 Metric), square (rectangular) end terminal, IPC_7351 nominal with elongated pad for handsoldering. (Body size source: https://docs.google.com/spreadsheets/d/1BsfQQcO9C6DZCsRaXUlFlo91Tg2WpOkGARC1WS5S8t0/edit?usp=sharing), generated with kicad-footprint-generator")
    (tags "inductor handsolder")
    (path /5CF2EF68)
    (attr smd)
    (fp_text reference FB1 (at 0 -1.65 90) (layer F.SilkS)
      (effects (font (size 1 1) (thickness 0.15)))
    )
    (fp_text value Ferrite_Bead (at 0 1.65 90) (layer F.Fab)
      (effects (font (size 1 1) (thickness 0.15)))
    )
    (fp_text user %R (at 0 0 180) (layer F.Fab)
      (effects (font (size 0.5 0.5) (thickness 0.08)))
    )
    (fp_line (start 1.85 0.95) (end -1.85 0.95) (layer F.CrtYd) (width 0.05))
    (fp_line (start 1.85 -0.95) (end 1.85 0.95) (layer F.CrtYd) (width 0.05))
    (fp_line (start -1.85 -0.95) (end 1.85 -0.95) (layer F.CrtYd) (width 0.05))
    (fp_line (start -1.85 0.95) (end -1.85 -0.95) (layer F.CrtYd) (width 0.05))
    (fp_line (start -0.261252 0.71) (end 0.261252 0.71) (layer F.SilkS) (width 0.12))
    (fp_line (start -0.261252 -0.71) (end 0.261252 -0.71) (layer F.SilkS) (width 0.12))
    (fp_line (start 1 0.6) (end -1 0.6) (layer F.Fab) (width 0.1))
    (fp_line (start 1 -0.6) (end 1 0.6) (layer F.Fab) (width 0.1))
    (fp_line (start -1 -0.6) (end 1 -0.6) (layer F.Fab) (width 0.1))
    (fp_line (start -1 0.6) (end -1 -0.6) (layer F.Fab) (width 0.1))
    (pad 2 smd roundrect (at 1.025 0 90) (size 1.15 1.4) (layers F.Cu F.Paste F.Mask) (roundrect_rratio 0.217391)
      (net 4 +5V))
    (pad 1 smd roundrect (at -1.025 0 90) (size 1.15 1.4) (layers F.Cu F.Paste F.Mask) (roundrect_rratio 0.217391)
      (net 6 "Net-(FB1-Pad1)"))
    (model ${KISYS3DMOD}/Inductor_SMD.3dshapes/L_0805_2012Metric.wrl
      (at (xyz 0 0 0))
      (scale (xyz 1 1 1))
      (rotate (xyz 0 0 0))
    )
  )

  (module synkie_footprints:L_0805_2012Metric_Pad1.15x1.40mm_HandSolder (layer F.Cu) (tedit 5B36C52B) (tstamp 5DF87731)
    (at 164.084 74.812 270)
    (descr "Capacitor SMD 0805 (2012 Metric), square (rectangular) end terminal, IPC_7351 nominal with elongated pad for handsoldering. (Body size source: https://docs.google.com/spreadsheets/d/1BsfQQcO9C6DZCsRaXUlFlo91Tg2WpOkGARC1WS5S8t0/edit?usp=sharing), generated with kicad-footprint-generator")
    (tags "inductor handsolder")
    (path /5CF2FF42)
    (attr smd)
    (fp_text reference FB2 (at 0 -1.65 270) (layer F.SilkS)
      (effects (font (size 1 1) (thickness 0.15)))
    )
    (fp_text value Ferrite_Bead (at 0 1.65 270) (layer F.Fab)
      (effects (font (size 1 1) (thickness 0.15)))
    )
    (fp_line (start -1 0.6) (end -1 -0.6) (layer F.Fab) (width 0.1))
    (fp_line (start -1 -0.6) (end 1 -0.6) (layer F.Fab) (width 0.1))
    (fp_line (start 1 -0.6) (end 1 0.6) (layer F.Fab) (width 0.1))
    (fp_line (start 1 0.6) (end -1 0.6) (layer F.Fab) (width 0.1))
    (fp_line (start -0.261252 -0.71) (end 0.261252 -0.71) (layer F.SilkS) (width 0.12))
    (fp_line (start -0.261252 0.71) (end 0.261252 0.71) (layer F.SilkS) (width 0.12))
    (fp_line (start -1.85 0.95) (end -1.85 -0.95) (layer F.CrtYd) (width 0.05))
    (fp_line (start -1.85 -0.95) (end 1.85 -0.95) (layer F.CrtYd) (width 0.05))
    (fp_line (start 1.85 -0.95) (end 1.85 0.95) (layer F.CrtYd) (width 0.05))
    (fp_line (start 1.85 0.95) (end -1.85 0.95) (layer F.CrtYd) (width 0.05))
    (fp_text user %R (at 0 0 270) (layer F.Fab)
      (effects (font (size 0.5 0.5) (thickness 0.08)))
    )
    (pad 1 smd roundrect (at -1.025 0 270) (size 1.15 1.4) (layers F.Cu F.Paste F.Mask) (roundrect_rratio 0.217391)
      (net 7 "Net-(FB2-Pad1)"))
    (pad 2 smd roundrect (at 1.025 0 270) (size 1.15 1.4) (layers F.Cu F.Paste F.Mask) (roundrect_rratio 0.217391)
      (net 5 -5V))
    (model ${KISYS3DMOD}/Inductor_SMD.3dshapes/L_0805_2012Metric.wrl
      (at (xyz 0 0 0))
      (scale (xyz 1 1 1))
      (rotate (xyz 0 0 0))
    )
  )

  (segment (start 153.8642 68.2527) (end 153.8642 65.7351) (width 0.4) (layer F.Cu) (net 1))
  (segment (start 152.719 69.3979) (end 153.8642 68.2527) (width 0.4) (layer F.Cu) (net 1))
  (segment (start 153.8642 65.7351) (end 153.8642 64.9351) (width 0.4) (layer F.Cu) (net 1))
  (segment (start 152.019 69.3979) (end 152.719 69.3979) (width 0.4) (layer F.Cu) (net 1))
  (segment (start 136.144 75.104) (end 137.668001 76.628001) (width 0.4) (layer F.Cu) (net 1))
  (segment (start 136.144 66.802) (end 136.144 75.104) (width 0.4) (layer F.Cu) (net 1))
  (segment (start 137.668001 76.628001) (end 138.43 77.39) (width 0.4) (layer F.Cu) (net 1))
  (segment (start 153.8642 64.9351) (end 153.8642 64.1351) (width 0.4) (layer F.Cu) (net 1))
  (segment (start 139.611008 63.334992) (end 136.144 66.802) (width 0.4) (layer F.Cu) (net 1))
  (segment (start 153.064092 63.334992) (end 139.611008 63.334992) (width 0.4) (layer F.Cu) (net 1))
  (segment (start 153.8642 64.1351) (end 153.064092 63.334992) (width 0.4) (layer F.Cu) (net 1))
  (segment (start 163.524 64.897) (end 165.989 64.897) (width 1) (layer F.Cu) (net 2))
  (segment (start 165.989 76.962) (end 164.084 78.867) (width 1) (layer F.Cu) (net 2))
  (segment (start 165.8874 71.7804) (end 165.989 71.882) (width 1) (layer F.Cu) (net 2))
  (segment (start 165.989 71.882) (end 165.989 76.962) (width 1) (layer F.Cu) (net 2))
  (segment (start 161.163 71.7804) (end 165.8874 71.7804) (width 1) (layer F.Cu) (net 2))
  (segment (start 165.989 64.897) (end 165.989 71.882) (width 1) (layer F.Cu) (net 2))
  (segment (start 153.297928 72.995828) (end 153.797 73.4949) (width 1) (layer F.Cu) (net 2))
  (segment (start 146.4564 72.5451) (end 146.907128 72.995828) (width 1) (layer F.Cu) (net 2))
  (segment (start 146.907128 72.995828) (end 153.297928 72.995828) (width 1) (layer F.Cu) (net 2))
  (segment (start 146.4564 71.9201) (end 146.4564 72.5451) (width 1) (layer F.Cu) (net 2))
  (segment (start 155.5115 71.7804) (end 153.797 73.4949) (width 1) (layer F.Cu) (net 2))
  (segment (start 161.163 71.7804) (end 155.5115 71.7804) (width 1) (layer F.Cu) (net 2))
  (segment (start 154.559 79.502) (end 157.734 79.502) (width 1) (layer F.Cu) (net 2))
  (segment (start 162.00899 80.94201) (end 163.26329 79.68771) (width 1) (layer F.Cu) (net 2))
  (segment (start 159.17401 80.94201) (end 162.00899 80.94201) (width 1) (layer F.Cu) (net 2))
  (segment (start 163.26329 79.68771) (end 164.084 78.867) (width 1) (layer F.Cu) (net 2))
  (segment (start 157.734 79.502) (end 159.17401 80.94201) (width 1) (layer F.Cu) (net 2))
